64.20833333333333	107.76190476190476	86.69661458333333	95.90890804597701	90.80088702147526	88.41276041666667	97.02011494252874	92.32327044025158	92.20070346320347	92.7590579710145	94.06418022383754	92.88789989680083	89.79347826086956	90.11009732360097	91.96866889136078	92.98055628789876	
107.76190476190476	44.04081632653061	74.65625	113.74196148678908	70.25570228091236	57.5	51.57142857142857	57.9277628032345	70.73594619666048	56.80124223602485	67.57563170647283	67.54054253280259	80.17184265010351	68.33680917622523	89.34292070554585	80.59508116455125	
86.69661458333333	74.65625	63.74365234375	88.12865399686521	65.06000525210084	58.934326171875	72.30845905172414	67.69752358490567	71.5323153409091	68.58016304347827	74.29487387504327	71.60807694788441	66.00260416666667	63.8268704379562	73.98978031145718	74.97016296467176	
95.90890804597701	113.74196148678908	88.12865399686521	16.191859160189072	66.68787966597297	74.91329349529781	92.44446546319317	65.93362512568758	52.62579642144689	70.52082595066103	71.72641887778852	63.16816046662849	41.06902003543683	47.00205020250326	26.056231758728785	45.583689059288396	
90.80088702147526	70.25570228091236	65.06000525210084	66.68787966597297	35.233089314157034	51.1077993697479	61.21660388293248	40.199006395010834	51.31001491505693	49.27450980392157	59.650242928601	53.04740079726421	39.19439369950879	38.72123740006952	52.012416535023355	54.68276590889454	
88.41276041666667	57.5	58.934326171875	74.91329349529781	51.1077993697479	34.96142578125	50.65355603448276	42.642393867924525	45.26254058441558	42.89198369565217	49.407153210453444	47.20200432146543	53.2265625	40.544137773722625	51.91966768631813	52.67937648299499	
97.02011494252874	51.57142857142857	72.30845905172414	92.44446546319317	61.21660388293248	50.65355603448276	36.0321046373365	39.60553025374105	44.71015450067174	33.13455772113943	38.427000155166446	42.776858474787375	67.78748125937031	51.92184747042537	67.62636646081853	57.74196114439485	
92.32327044025158	57.9277628032345	67.69752358490567	65.93362512568758	40.199006395010834	42.642393867924525	39.60553025374105	20.888373086507652	26.17700563587356	23.282526661197704	31.90395187993495	29.750082754054947	41.50587913590375	27.93863104255612	41.56575230339791	38.30159927174686	
92.20070346320347	70.73594619666048	71.5323153409091	52.62579642144689	51.31001491505693	45.26254058441558	44.71015450067174	26.17700563587356	10.457734862540057	21.51461038961039	21.681739963048376	20.500995637489446	43.6830910031997	25.590664991942365	27.93330034815018	26.835140090597513	
92.7590579710145	56.80124223602485	68.58016304347827	70.52082595066103	49.27450980392157	42.89198369565217	33.13455772113943	23.282526661197704	21.51461038961039	14.053875236294896	20.129087844447454	23.748900704446537	51.54710144927536	33.856553475087274	45.75961212941916	37.29383647221999	
94.06418022383754	67.57563170647283	74.29487387504327	71.72641887778852	59.650242928601	49.407153210453444	38.427000155166446	31.90395187993495	21.681739963048376	20.129087844447454	9.493228693217047	21.490375935767176	61.723340908292826	42.91844221600685	46.998491458722455	37.29279090474455	
92.88789989680083	67.54054253280259	71.60807694788441	63.16816046662849	53.04740079726421	47.20200432146543	42.776858474787375	29.750082754054947	20.500995637489446	23.748900704446537	21.490375935767176	24.986720960721478	50.70176186416596	34.09925952709167	39.23958853490463	34.90438282241171	
89.79347826086956	80.17184265010351	66.00260416666667	41.06902003543683	39.19439369950879	53.2265625	67.78748125937031	41.50587913590375	43.6830910031997	51.54710144927536	61.723340908292826	50.70176186416596	22.830182734719596	28.34898973870729	29.936547855104706	43.136481390203926	
90.11009732360097	68.33680917622523	63.8268704379562	47.00205020250326	38.72123740006952	40.544137773722625	51.92184747042537	27.93863104255612	25.590664991942365	33.856553475087274	42.91844221600685	34.09925952709167	28.34898973870729	16.743140284511696	23.908113638024407	32.56999543915896	
91.96866889136078	89.34292070554585	73.98978031145718	26.056231758728785	52.012416535023355	51.91966768631813	67.62636646081853	41.56575230339791	27.93330034815018	45.75961212941916	46.998491458722455	39.23958853490463	29.936547855104706	23.908113638024407	5.94042571093082	28.6803528659286	
92.98055628789876	80.59508116455125	74.97016296467176	45.583689059288396	54.68276590889454	52.67937648299499	57.74196114439485	38.30159927174686	26.835140090597513	37.29383647221999	37.29279090474455	34.90438282241171	43.136481390203926	32.56999543915896	28.6803528659286	34.520608925554164	
