43.166666666666664	96.10344827586206	73.88095238095238	81.42818428184282	81.47916666666667	79.20833333333333	73.55555555555556	79.00641025641026	80.60220125786164	70.0925925925926	67.575	70.66666666666667	74.12820512820512	77.48511904761905	78.57371794871794	68.85897435897436	54.73809523809524	65.0	78.85515873015873	78.17824074074075	
96.10344827586206	4.325802615933412	24.497536945812808	20.668722549294458	102.45402298850574	96.88793103448276	84.86079182630907	80.64603595638079	90.95651702450661	82.99872286079183	65.1	72.07471264367815	75.91423519009726	62.81876026272578	70.388041556145	97.18037135278514	70.7487684729064	42.93155694879833	40.702791461412154	52.50175606641124	
73.88095238095238	24.497536945812808	11.428571428571429	20.609756097560975	86.46428571428571	83.17857142857143	71.58730158730158	74.1025641025641	83.5377358490566	65.4920634920635	49.49285714285714	58.88095238095238	65.8021978021978	56.14540816326531	64.17582417582418	77.28571428571429	50.60932944606414	27.40909090909091	34.82312925170068	46.16269841269841	
81.42818428184282	20.668722549294458	20.609756097560975	8.776918500892325	82.36178861788618	76.53150406504065	64.91147244805781	60.59724828017511	70.8548090197883	62.911472448057815	44.96707317073171	52.1869918699187	55.71357098186366	42.78607723577236	50.41744840525328	76.72232645403378	52.99950223992036	23.815964523281597	20.727932636469223	32.514227642276424	
81.47916666666667	102.45402298850574	86.46428571428571	82.36178861788618	10.46875	12.71875	21.02777777777778	22.82371794871795	16.24882075471698	24.944444444444443	42.1125	32.791666666666664	28.64423076923077	40.252232142857146	32.46033653846154	28.067307692307693	61.31887755102041	66.7215909090909	62.37797619047619	50.52777777777778	
79.20833333333333	96.88793103448276	83.17857142857143	76.53150406504065	12.71875	7.5625	17.51388888888889	16.556089743589745	11.517688679245284	23.430555555555557	38.4625	27.666666666666668	22.78846153846154	34.239955357142854	26.388221153846153	28.28846153846154	58.73724489795919	62.31818181818182	56.49107142857143	44.354166666666664	
73.55555555555556	84.86079182630907	71.58730158730158	64.91147244805781	21.02777777777778	17.51388888888889	8.444444444444445	11.991452991452991	16.653039832285117	14.938271604938272	27.43888888888889	17.203703703703702	11.82905982905983	22.607142857142858	15.885683760683762	27.0	48.76190476190476	51.484848484848484	44.68386243386244	33.06172839506173	
79.00641025641026	80.64603595638079	74.1025641025641	60.59724828017511	22.82371794871795	16.556089743589745	11.991452991452991	5.915844838921762	11.92718916303822	18.20797720797721	29.028846153846153	18.60042735042735	11.95759368836292	19.453525641025642	11.554487179487179	32.42307692307692	51.2891156462585	53.235431235431236	40.787393162393165	29.40705128205128	
80.60220125786164	90.95651702450661	83.5377358490566	70.8548090197883	16.24882075471698	11.517688679245284	16.653039832285117	11.92718916303822	7.083837664649342	23.843815513626833	38.56603773584906	27.63364779874214	20.67634252539913	29.459400269541778	21.267597968069666	32.11611030478955	59.452445128994995	62.7778730703259	51.000786163522015	39.582023060796644	
70.0925925925926	82.99872286079183	65.4920634920635	62.911472448057815	24.944444444444443	23.430555555555557	14.938271604938272	18.20797720797721	23.843815513626833	9.82716049382716	22.227777777777778	14.24074074074074	14.042735042735043	22.081349206349206	18.418803418803417	21.982905982905983	42.51020408163265	46.83838383838384	42.78835978835979	31.339506172839506	
67.575	65.1	49.49285714285714	44.96707317073171	42.1125	38.4625	27.43888888888889	29.028846153846153	38.56603773584906	22.227777777777778	11.35	15.483333333333333	20.184615384615384	15.486607142857142	20.380769230769232	35.23076923076923	32.90714285714286	30.24772727272727	24.92142857142857	16.238194444444446	
70.66666666666667	72.07471264367815	58.88095238095238	52.1869918699187	32.791666666666664	27.666666666666668	17.203703703703702	18.60042735042735	27.63364779874214	14.24074074074074	15.483333333333333	6.0	10.58974358974359	12.764880952380953	12.243589743589743	29.064102564102566	38.843537414965986	39.628787878787875	32.22420634920635	20.979166666666668	
74.12820512820512	75.91423519009726	65.8021978021978	55.71357098186366	28.64423076923077	22.78846153846154	11.82905982905983	11.95759368836292	20.67634252539913	14.042735042735043	20.184615384615384	10.58974358974359	6.650887573964497	14.04326923076923	9.54585798816568	29.40828402366864	44.07064364207221	44.37412587412587	35.58058608058608	23.86645299145299	
77.48511904761905	62.81876026272578	56.14540816326531	42.78607723577236	40.252232142857146	34.239955357142854	22.607142857142858	19.453525641025642	29.459400269541778	22.081349206349206	15.486607142857142	12.764880952380953	14.04326923076923	6.341198979591836	10.059409340659341	38.253434065934066	41.537718658892125	35.34090909090909	22.979485544217688	11.803819444444445	
78.57371794871794	70.388041556145	64.17582417582418	50.41744840525328	32.46033653846154	26.388221153846153	15.885683760683762	11.554487179487179	21.267597968069666	18.418803418803417	20.380769230769232	12.243589743589743	9.54585798816568	10.059409340659341	5.84319526627219	34.599112426035504	45.1717032967033	43.42132867132867	30.652815934065934	19.29153311965812	
68.85897435897436	97.18037135278514	77.28571428571429	76.72232645403378	28.067307692307693	28.28846153846154	27.0	32.42307692307692	32.11611030478955	21.982905982905983	35.23076923076923	29.064102564102566	29.40828402366864	38.253434065934066	34.599112426035504	20.556213017751478	45.70486656200942	57.72727272727273	56.976190476190474	46.18376068376068	
54.73809523809524	70.7487684729064	50.60932944606414	52.99950223992036	61.31887755102041	58.73724489795919	48.76190476190476	51.2891156462585	59.452445128994995	42.51020408163265	32.90714285714286	38.843537414965986	44.07064364207221	41.537718658892125	45.1717032967033	45.70486656200942	30.65222823823407	35.749536178107604	41.952137998056365	40.37613378684807	
65.0	42.93155694879833	27.40909090909091	23.815964523281597	66.7215909090909	62.31818181818182	51.484848484848484	53.235431235431236	62.7778730703259	46.83838383838384	30.24772727272727	39.628787878787875	44.37412587412587	35.34090909090909	43.42132867132867	57.72727272727273	35.749536178107604	12.867768595041323	18.295454545454547	25.541035353535353	
78.85515873015873	40.702791461412154	34.82312925170068	20.727932636469223	62.37797619047619	56.49107142857143	44.68386243386244	40.787393162393165	51.000786163522015	42.78835978835979	24.92142857142857	32.22420634920635	35.58058608058608	22.979485544217688	30.652815934065934	56.976190476190474	41.952137998056365	18.295454545454547	5.963151927437642	12.719080687830688	
78.17824074074075	52.50175606641124	46.16269841269841	32.514227642276424	50.52777777777778	44.354166666666664	33.06172839506173	29.40705128205128	39.582023060796644	31.339506172839506	16.238194444444446	20.979166666666668	23.86645299145299	11.803819444444445	19.29153311965812	46.18376068376068	40.37613378684807	25.541035353535353	12.719080687830688	5.13695987654321	
