55.46938775510204	70.54887218045113	65.02857142857142	64.93506493506493	73.80451127819549	82.33766233766234	72.35714285714286	81.11904761904762	78.68181818181819	83.34231805929919	84.0952380952381	85.24761904761905	85.85714285714286	83.71428571428571	83.10204081632654	86.61904761904762	87.99835796387521	88.32696715049656	85.92857142857143	87.85714285714286	88.1	85.65934065934066	86.35714285714286	88.85714285714286	88.47619047619048	88.93506493506493	87.1734693877551	85.81318681318682	87.07142857142857	89.08928571428571	88.84139482564679	81.57142857142857	80.04285714285714	85.0	84.77714285714286	84.64285714285714	86.30357142857143	86.69047619047619	87.16666666666667	88.152950310559	85.91836734693878	86.80357142857143	89.04761904761905	87.74489795918367	88.40794499618029	88.55357142857143	85.25	120.84199134199135	109.22893772893772	115.0917537746806	95.22321428571429	82.44444444444444	89.24014778325123	93.35309973045823	101.42331288343559	76.79591836734694	81.66233766233766	87.95348837209302	88.4860853432282	
70.54887218045113	64.83102493074792	60.11578947368421	67.89952153110048	64.66447368421052	66.622009569378	60.73026315789474	64.38070175438597	68.23205741626795	67.52631578947368	68.17543859649123	70.31228070175439	73.16666666666667	72.47368421052632	72.09022556390977	73.50877192982456	78.4053236539625	77.46158176189135	70.15789473684211	71.94736842105263	71.63157894736842	71.64777327935222	74.3157894736842	75.02105263157895	75.21052631578948	74.06698564593302	74.12781954887218	72.56680161943319	76.0	76.67845394736842	76.04517198508081	66.8796992481203	64.42105263157895	68.91228070175438	70.75578947368422	69.84868421052632	70.53289473684211	71.63157894736842	72.35964912280701	74.2016590389016	70.61654135338345	71.82894736842105	72.39473684210526	72.19548872180451	74.1998311286237	72.97368421052632	67.82236842105263	114.90829346092504	103.35695006747639	108.40949935815148	89.63815789473684	78.37816764132553	85.6882940108893	89.00562727573652	95.6538585728124	71.81954887218045	76.01913875598086	82.91024071807425	80.39507860560492	
65.02857142857142	60.11578947368421	36.4	55.75454545454546	55.607236842105266	48.38181818181818	40.375	46.04333333333334	50.29545454545455	50.077358490566034	50.13333333333333	53.54	55.416666666666664	53.18571428571428	53.05714285714286	57.166666666666664	59.8183908045977	59.275401069518715	53.53333333333333	56.95	53.63	53.8	56.85	58.96	58.833333333333336	58.28181818181818	56.72857142857143	55.253846153846155	57.95	58.9671875	59.936220472440944	49.55714285714286	46.23	52.766666666666666	55.672	52.8875	54.7875	55.63333333333333	58.3	58.90163043478261	54.714285714285715	56.675	56.63333333333333	56.292857142857144	58.98877005347594	58.675	53.8625	112.08333333333333	100.51153846153846	105.91869918699187	85.88125	70.68888888888888	74.09482758620689	82.4748427672956	92.1239263803681	56.82857142857143	64.14545454545454	68.02868217054264	63.01298701298701	
64.93506493506493	67.89952153110048	55.75454545454546	35.40495867768595	51.36483253588517	72.27272727272727	51.23863636363637	60.16969696969697	49.131198347107436	55.27615780445969	52.18181818181818	53.666666666666664	50.93939393939394	49.83116883116883	50.58441558441559	51.77272727272727	51.29780564263323	52.077297034516285	52.696969696969695	53.13636363636363	53.64545454545455	51.49650349650349	52.96969696969697	53.972727272727276	52.65151515151515	53.01652892561984	50.564935064935064	52.45454545454545	51.40909090909091	52.13636363636363	52.818897637795274	69.75324675324676	54.7	68.75757575757575	69.40727272727273	56.08522727272727	58.77272727272727	54.40909090909091	58.484848484848484	56.291501976284586	67.42857142857143	68.81818181818181	61.15151515151515	61.383116883116884	63.28001944579485	66.7840909090909	65.18181818181819	82.82988980716253	71.05827505827506	76.68218773096822	61.625	50.01010101010101	52.9717868338558	56.712978845054316	63.424986056887896	45.94805194805195	48.45454545454545	51.98097251585624	51.88075560802834	
73.80451127819549	64.66447368421052	55.607236842105266	51.36483253588517	35.24627770083102	61.932416267942585	45.703947368421055	43.19254385964912	34.64496112440192	45.584285004965245	42.71491228070175	45.17675438596491	43.63815789473684	40.932330827067666	40.51221804511278	44.1359649122807	43.2747277676951	45.32968618069237	45.203947368421055	49.34621710526316	48.80328947368421	44.304655870445345	49.08662280701754	50.657565789473686	50.04495614035088	49.317583732057415	44.44971804511278	46.947874493927124	46.853070175438596	46.5940583881579	48.88934935764608	59.06954887218045	48.33223684210526	58.48245614035088	62.104473684210525	49.25575657894737	53.21628289473684	49.911184210526315	56.781798245614034	53.87110268878718	59.39661654135338	63.0328947368421	57.02412280701754	57.044642857142854	60.8433014354067	63.63075657894737	54.72532894736842	75.67563795853269	64.02125506072875	69.34600984167736	53.260690789473685	40.375974658869396	45.70916515426497	49.851539225422044	56.859662576687114	35.5093984962406	38.008971291866025	43.60286617707058	43.150375939849624	
82.33766233766234	66.622009569378	48.38181818181818	72.27272727272727	61.932416267942585	26.132231404958677	37.67045454545455	33.07575757575758	48.93285123966942	34.15265866209263	40.196969696969695	38.35151515151515	46.04545454545455	48.03896103896104	47.15584415584416	46.59090909090909	55.373040752351095	50.58240155566359	38.15151515151515	38.92045454545455	36.88181818181818	40.0979020979021	39.39393939393939	40.768181818181816	41.96969696969697	40.710743801652896	45.746753246753244	39.01398601398601	43.75757575757576	46.67613636363637	42.96778811739442	25.493506493506494	31.51818181818182	27.37878787878788	29.145454545454545	32.75568181818182	32.75	34.56060606060606	34.90909090909091	37.47282608695652	29.48051948051948	30.545454545454547	34.34848484848485	33.032467532467535	34.66699076324745	32.19318181818182	27.363636363636363	114.51790633608816	102.35547785547786	107.93717664449372	89.30113636363636	73.94276094276094	75.96630094043887	84.54431103487707	94.14668153931957	59.532467532467535	66.0495867768595	68.72727272727273	61.896694214876035	
72.35714285714286	60.73026315789474	40.375	51.23863636363637	45.703947368421055	37.67045454545455	19.8125	27.233333333333334	31.818181818181817	26.60377358490566	26.916666666666668	27.0	30.0	30.732142857142858	29.642857142857142	29.770833333333332	36.07327586206897	33.99264705882353	26.791666666666668	30.15625	29.0875	28.21153846153846	30.458333333333332	32.2875	31.520833333333332	32.21590909090909	30.473214285714285	29.692307692307693	31.354166666666668	32.736328125	32.92125984251968	33.55357142857143	24.5	36.541666666666664	38.72	29.0078125	31.9375	30.625	32.833333333333336	32.53804347826087	38.0	38.828125	32.229166666666664	33.642857142857146	35.093582887700535	37.9375	33.953125	93.00662878787878	80.82692307692308	86.64837398373983	70.5546875	53.592592592592595	54.400862068965516	62.86635220125786	72.44018404907976	40.92857142857143	45.39772727272727	47.42829457364341	41.27840909090909	
81.11904761904762	64.38070175438597	46.04333333333334	60.16969696969697	43.19254385964912	33.07575757575758	27.233333333333334	18.602222222222224	29.679545454545455	21.71383647798742	24.844444444444445	24.33111111111111	29.122222222222224	30.323809523809523	29.447619047619046	29.85	36.16206896551724	33.328520499108734	24.538888888888888	27.920833333333334	25.916666666666668	25.843589743589742	28.522222222222222	30.368333333333332	30.08888888888889	29.503030303030304	29.483333333333334	26.76923076923077	30.33888888888889	31.452604166666667	30.9244094488189	28.247619047619047	24.286666666666665	27.97222222222222	31.486666666666668	23.266666666666666	26.0625	25.533333333333335	30.16111111111111	29.839130434782607	28.9	32.92916666666667	29.88888888888889	28.61190476190476	32.58948306595365	33.425	25.116666666666667	93.9459595959596	82.23717948717949	87.67831978319784	71.71875	54.901234567901234	55.60057471264368	64.12767295597484	73.85725971370144	42.84285714285714	46.5030303030303	48.65142118863049	41.925324675324674	
78.68181818181819	68.23205741626795	50.29545454545455	49.131198347107436	34.64496112440192	48.93285123966942	31.818181818181817	29.679545454545455	15.817665289256198	25.32482847341338	20.477272727272727	22.55151515151515	18.97537878787879	16.65422077922078	15.607142857142858	19.390151515151516	18.70258620689655	20.107498784637823	22.327651515151516	26.732954545454547	26.46931818181818	20.291958041958043	26.52462121212121	28.01875	26.998106060606062	26.266528925619834	19.619318181818183	23.585664335664337	22.304924242424242	21.680930397727273	24.996420901932712	43.80194805194805	30.338636363636365	40.71022727272727	44.11636363636364	28.642755681818183	33.44176136363637	28.670454545454547	37.16098484848485	32.897850790513836	40.69318181818182	45.25	37.38636363636363	37.68587662337662	42.24361934856587	45.48295454545455	36.72159090909091	69.44016873278237	57.56060606060606	63.09488174427199	50.06392045454545	32.11321548821549	31.185246865203762	39.61285020011435	49.34746235359732	20.349025974025974	23.456611570247933	25.05576109936575	20.853379574970486	
83.34231805929919	67.52631578947368	50.077358490566034	55.27615780445969	45.584285004965245	34.15265866209263	26.60377358490566	21.71383647798742	25.32482847341338	13.889640441438234	14.628930817610064	13.417610062893083	17.562893081761008	20.09164420485175	19.433962264150942	17.59748427672956	26.067013662979832	21.411966501866612	12.430817610062894	14.245283018867925	13.190566037735849	13.805515239477504	14.216981132075471	16.078301886792453	15.676100628930818	15.526586620926244	17.109164420485175	13.866473149492018	17.32704402515723	18.51621462264151	16.72827217352548	25.964959568733153	17.330188679245282	22.745283018867923	25.234716981132074	12.85495283018868	15.669811320754716	13.172955974842766	18.641509433962263	16.947908121410993	22.5633423180593	25.66509433962264	19.42452830188679	19.1455525606469	23.334174149934416	26.36556603773585	18.9811320754717	84.74385363064609	72.90130624092889	78.36800122718208	66.01650943396227	47.607267645003496	46.248210800260246	54.85973656105376	64.56962611413358	35.02964959568733	38.18181818181818	39.391545999707475	32.58196520460671	
84.0952380952381	68.17543859649123	50.13333333333333	52.18181818181818	42.71491228070175	40.196969696969695	26.916666666666668	24.844444444444445	20.477272727272727	14.628930817610064	5.777777777777778	10.7	9.805555555555555	12.119047619047619	12.547619047619047	11.86111111111111	18.61111111111111	14.393939393939394	10.027777777777779	12.145833333333334	12.516666666666667	8.538461538461538	11.972222222222221	13.75	13.11111111111111	11.833333333333334	10.345238095238095	10.14102564102564	12.722222222222221	12.208333333333334	12.211286089238845	31.452380952380953	16.1	26.86111111111111	29.886666666666667	13.78125	18.458333333333332	12.36111111111111	22.47222222222222	17.217391304347824	27.452380952380953	28.5	22.86111111111111	22.833333333333332	26.484848484848484	30.791666666666668	24.729166666666668	77.30555555555556	65.23717948717949	70.53116531165311	59.479166666666664	40.117283950617285	38.757183908045974	47.22012578616352	56.98057259713701	26.88095238095238	30.681818181818183	31.700258397932817	24.846320346320347	
85.24761904761905	70.31228070175439	53.54	53.666666666666664	45.17675438596491	38.35151515151515	27.0	24.33111111111111	22.55151515151515	13.417610062893083	10.7	8.204444444444444	11.911111111111111	15.152380952380952	14.247619047619047	12.166666666666666	20.186973180076627	15.223529411764705	9.2	10.383333333333333	10.846666666666666	8.558974358974359	10.466666666666667	11.72	10.811111111111112	10.612121212121211	10.985714285714286	8.533333333333333	11.78888888888889	12.572916666666666	11.46719160104987	28.476190476190474	16.64666666666667	24.955555555555556	26.394666666666666	12.116666666666667	15.158333333333333	10.744444444444444	18.11111111111111	14.827173913043477	23.923809523809524	27.425	18.4	19.038095238095238	23.432085561497328	26.366666666666667	20.85	78.87323232323233	67.0923076923077	72.49918699186992	63.37083333333333	43.523456790123454	40.47011494252874	48.85115303983228	58.79141104294479	31.64761904761905	33.43030303030303	33.332299741602064	26.5995670995671	
85.85714285714286	73.16666666666667	55.416666666666664	50.93939393939394	43.63815789473684	46.04545454545455	30.0	29.122222222222224	18.97537878787879	17.562893081761008	9.805555555555555	11.911111111111111	4.0	8.595238095238095	8.761904761904763	8.416666666666666	11.704980842911878	7.997326203208556	10.194444444444445	12.541666666666666	13.183333333333334	7.846153846153846	12.805555555555555	13.666666666666666	12.083333333333334	11.833333333333334	7.0476190476190474	9.923076923076923	8.055555555555555	7.3046875	10.078740157480315	37.23809523809524	21.066666666666666	30.583333333333332	33.53333333333333	17.291666666666668	21.333333333333332	16.88888888888889	22.5	18.291666666666668	31.80952380952381	32.416666666666664	24.75	24.761904761904763	28.090017825311943	32.020833333333336	27.8125	69.97853535353535	58.6559829059829	63.66531165311653	56.083333333333336	37.01234567901235	31.522988505747126	40.27568134171908	49.95807770961145	23.61904761904762	27.257575757575758	24.75968992248062	17.86038961038961	
83.71428571428571	72.47368421052632	53.18571428571428	49.83116883116883	40.932330827067666	48.03896103896104	30.732142857142858	30.323809523809523	16.65422077922078	20.09164420485175	12.119047619047619	15.152380952380952	8.595238095238095	4.6938775510204085	7.387755102040816	9.452380952380953	9.57799671592775	8.805958747135218	13.738095238095237	17.375	17.67142857142857	11.307692307692308	16.238095238095237	17.97142857142857	17.785714285714285	16.337662337662337	8.775510204081632	14.87912087912088	10.642857142857142	10.330357142857142	14.429696287964004	41.57142857142857	23.214285714285715	35.357142857142854	37.22857142857143	22.1875	24.142857142857142	19.5	28.666666666666668	23.61413043478261	34.44897959183673	37.267857142857146	29.095238095238095	29.653061224489797	33.234530175706645	37.69642857142857	31.5	67.12987012987013	55.11538461538461	60.8664343786295	52.830357142857146	33.07936507936508	28.722906403940886	37.292902066486974	47.126205083260295	20.755102040816325	22.103896103896105	21.763012181616833	14.775510204081632	
83.10204081632654	72.09022556390977	53.05714285714286	50.58441558441559	40.51221804511278	47.15584415584416	29.642857142857142	29.447619047619046	15.607142857142858	19.433962264150942	12.547619047619047	14.247619047619047	8.761904761904763	7.387755102040816	4.612244897959184	8.238095238095237	9.098522167487685	8.729564553093965	13.976190476190476	17.625	17.685714285714287	10.428571428571429	16.19047619047619	18.52857142857143	17.523809523809526	16.16883116883117	9.183673469387756	14.395604395604396	10.880952380952381	10.372767857142858	14.880764904386952	40.36734693877551	23.84285714285714	35.76190476190476	37.354285714285716	20.517857142857142	25.214285714285715	21.476190476190474	28.523809523809526	24.21195652173913	34.53061224489796	36.55357142857143	28.738095238095237	29.367346938775512	33.809014514896866	37.07142857142857	30.857142857142858	66.84199134199135	55.03479853479853	60.537746806039486	52.1875	32.71957671957672	28.572660098522167	37.0503144654088	46.87642418930763	20.224489795918366	21.974025974025974	21.54595791805094	14.761595547309833	
86.61904761904762	73.50877192982456	57.166666666666664	51.77272727272727	44.1359649122807	46.59090909090909	29.770833333333332	29.85	19.390151515151516	17.59748427672956	11.86111111111111	12.166666666666666	8.416666666666666	9.452380952380953	8.238095238095237	3.111111111111111	10.377394636015326	6.846702317290553	10.972222222222221	12.6875	11.916666666666666	7.9743589743589745	12.75	12.625	11.833333333333334	10.803030303030303	6.261904761904762	9.602564102564102	7.25	6.598958333333333	9.476377952755906	37.80952380952381	21.616666666666667	32.916666666666664	34.026666666666664	17.666666666666668	21.25	16.583333333333332	23.5	18.389492753623188	31.071428571428573	32.395833333333336	22.97222222222222	24.083333333333332	27.89572192513369	31.875	28.208333333333332	68.66540404040404	56.8440170940171	62.52710027100271	56.34375	37.47530864197531	30.272988505747126	39.067085953878404	48.894683026584865	24.452380952380953	26.060606060606062	23.386304909560724	16.738095238095237	
87.99835796387521	78.4053236539625	59.8183908045977	51.29780564263323	43.2747277676951	55.373040752351095	36.07327586206897	36.16206896551724	18.70258620689655	26.067013662979832	18.61111111111111	20.186973180076627	11.704980842911878	9.57799671592775	9.098522167487685	10.377394636015326	3.7635090500726647	7.231729055258467	19.406130268199234	20.902298850574713	21.895402298850573	15.922192749778956	19.693486590038315	20.220689655172414	19.31992337164751	18.9435736677116	11.348111658456485	18.207780725022104	13.438697318007662	11.310344827586206	16.352701601954927	47.58620689655172	30.577011494252872	42.77394636015325	43.45747126436782	27.33477011494253	30.530172413793103	25.45402298850575	30.78544061302682	26.16704147926037	40.58784893267652	42.05890804597701	32.42145593869732	33.23727422003284	35.89882598807548	40.52873563218391	38.257183908045974	58.97422500870777	47.25965222516947	52.954209886926456	47.741379310344826	28.896551724137932	20.986424891002773	29.676425937974408	39.5247161695226	16.247947454844006	18.190177638453502	14.15209836941994	7.568741603224362	
88.32696715049656	77.46158176189135	59.275401069518715	52.077297034516285	45.32968618069237	50.58240155566359	33.99264705882353	33.328520499108734	20.107498784637823	21.411966501866612	14.393939393939394	15.223529411764705	7.997326203208556	8.805958747135218	8.729564553093965	6.846702317290553	7.231729055258467	4.422259715748234	14.251336898395722	15.114973262032086	16.210160427807487	11.142328259975319	13.893048128342246	14.171657754010695	13.061497326203208	12.895964997569276	6.906417112299465	12.795146030440147	7.874331550802139	6.024314839572193	10.229609667775485	42.49732620320856	25.60909090909091	37.57219251336898	38.071657754010694	22.02072192513369	25.19585561497326	19.7174688057041	24.893939393939394	20.07082655196466	35.12146676852559	36.466577540106954	26.257575757575758	27.83728036669213	29.85601532786182	34.82419786096256	33.17379679144385	64.19401231567007	52.55087069792952	58.273770705621494	53.655748663101605	34.970093087740146	26.335561497326204	35.07974304644671	44.93809258226436	22.038961038961038	24.16334467671366	19.554781743564234	12.96090006250434	
85.92857142857143	70.15789473684211	53.53333333333333	52.696969696969695	45.203947368421055	38.15151515151515	26.791666666666668	24.538888888888888	22.327651515151516	12.430817610062894	10.027777777777779	9.2	10.194444444444445	13.738095238095237	13.976190476190476	10.972222222222221	19.406130268199234	14.251336898395722	3.8333333333333335	9.083333333333334	9.0	7.743589743589744	8.055555555555555	10.091666666666667	9.333333333333334	9.56060606060606	9.583333333333334	6.871794871794871	10.38888888888889	10.700520833333334	9.536745406824148	29.738095238095237	16.133333333333333	25.555555555555557	26.80666666666667	11.375	15.104166666666666	10.027777777777779	17.52777777777778	13.83786231884058	23.857142857142858	26.791666666666668	18.86111111111111	18.30952380952381	22.884135472370765	25.541666666666668	21.0	78.05681818181819	66.15384615384616	71.67208672086721	62.135416666666664	43.32716049382716	39.3448275862069	48.189727463312366	57.83537832310839	30.976190476190474	32.803030303030305	32.66795865633075	25.841991341991342	
87.85714285714286	71.94736842105263	56.95	53.13636363636363	49.34621710526316	38.92045454545455	30.15625	27.920833333333334	26.732954545454547	14.245283018867925	12.145833333333334	10.383333333333333	12.541666666666666	17.375	17.625	12.6875	20.902298850574713	15.114973262032086	9.083333333333334	3.625	7.5625	9.336538461538462	6.25	6.6375	7.229166666666667	6.1022727272727275	10.589285714285714	6.3173076923076925	9.8125	10.88671875	7.311023622047244	27.732142857142858	16.925	24.1875	24.02	9.890625	11.078125	7.3125	12.333333333333334	8.486413043478262	20.517857142857142	21.03125	12.104166666666666	13.883928571428571	17.18850267379679	20.984375	19.15625	79.2405303030303	67.12660256410257	73.02642276422765	67.015625	47.47222222222222	40.838362068965516	49.48270440251572	59.39187116564417	34.714285714285715	36.73863636363637	33.776162790697676	27.227272727272727	
88.1	71.63157894736842	53.63	53.64545454545455	48.80328947368421	36.88181818181818	29.0875	25.916666666666668	26.46931818181818	13.190566037735849	12.516666666666667	10.846666666666666	13.183333333333334	17.67142857142857	17.685714285714287	11.916666666666666	21.895402298850573	16.210160427807487	9.0	7.5625	4.88	9.623076923076923	7.05	7.75	7.383333333333334	7.263636363636364	12.371428571428572	7.3076923076923075	10.35	11.9875	8.715748031496062	26.942857142857143	15.97	21.433333333333334	23.096	9.58125	11.3125	8.65	12.6	9.435326086956522	20.428571428571427	22.675	13.9	14.221428571428572	17.855080213903744	22.3375	19.1125	80.39015151515152	68.63333333333334	74.15934959349593	66.55	47.42962962962963	42.105172413793106	50.658490566037734	60.31533742331288	34.957142857142856	36.46363636363636	35.20697674418604	28.4012987012987	
85.65934065934066	71.64777327935222	53.8	51.49650349650349	44.304655870445345	40.0979020979021	28.21153846153846	25.843589743589742	20.291958041958043	13.805515239477504	8.538461538461538	8.558974358974359	7.846153846153846	11.307692307692308	10.428571428571429	7.9743589743589745	15.922192749778956	11.142328259975319	7.743589743589744	9.336538461538462	9.623076923076923	4.520710059171598	9.08974358974359	10.592307692307692	10.012820512820513	9.398601398601398	7.021978021978022	6.822485207100592	7.32051282051282	8.243990384615385	8.754088431253786	32.24175824175824	18.115384615384617	27.705128205128204	29.338461538461537	13.0625	17.115384615384617	11.551282051282051	19.564102564102566	15.62541806020067	26.373626373626372	28.5	20.294871794871796	20.543956043956044	25.0234471410942	28.201923076923077	24.307692307692307	74.5955710955711	62.70710059171598	68.25703564727955	60.09615384615385	40.64102564102564	36.27387267904509	44.7866473149492	54.66918357715904	28.021978021978022	29.97902097902098	29.16040548598688	22.364135864135864	
86.35714285714286	74.3157894736842	56.85	52.96969696969697	49.08662280701754	39.39393939393939	30.458333333333332	28.522222222222222	26.52462121212121	14.216981132075471	11.972222222222221	10.466666666666667	12.805555555555555	16.238095238095237	16.19047619047619	12.75	19.693486590038315	13.893048128342246	8.055555555555555	6.25	7.05	9.08974358974359	3.0	6.266666666666667	5.388888888888889	5.924242424242424	10.5	5.948717948717949	7.305555555555555	9.6328125	6.475065616797901	28.952380952380953	17.3	24.166666666666668	25.273333333333333	10.416666666666666	12.375	7.777777777777778	12.527777777777779	9.111413043478262	21.952380952380953	24.3125	13.63888888888889	14.857142857142858	18.10338680926916	22.854166666666668	19.5	78.00252525252525	65.7905982905983	71.65853658536585	65.875	46.629629629629626	39.581896551724135	48.357442348008384	58.11145194274029	34.476190476190474	35.77272727272727	32.60723514211886	25.87878787878788	
88.85714285714286	75.02105263157895	58.96	53.972727272727276	50.657565789473686	40.768181818181816	32.2875	30.368333333333332	28.01875	16.078301886792453	13.75	11.72	13.666666666666666	17.97142857142857	18.52857142857143	12.625	20.220689655172414	14.171657754010695	10.091666666666667	6.6375	7.75	10.592307692307692	6.266666666666667	4.315	5.525	5.568181818181818	11.232142857142858	7.453846153846154	8.241666666666667	10.11640625	6.131102362204724	31.107142857142858	18.83	23.85	24.71	11.596875	12.25	9.016666666666667	11.883333333333333	7.776902173913044	21.67142857142857	22.875	12.716666666666667	14.660714285714286	16.63048128342246	21.85625	20.4375	77.60568181818182	65.92628205128206	71.77723577235773	66.884375	48.111111111111114	39.66206896551724	48.49025157232705	58.344478527607365	35.371428571428574	37.59090909090909	33.029457364341084	26.38733766233766	
88.47619047619048	75.21052631578948	58.833333333333336	52.65151515151515	50.04495614035088	41.96969696969697	31.520833333333332	30.08888888888889	26.998106060606062	15.676100628930818	13.11111111111111	10.811111111111112	12.083333333333334	17.785714285714285	17.523809523809526	11.833333333333334	19.31992337164751	13.061497326203208	9.333333333333334	7.229166666666667	7.383333333333334	10.012820512820513	5.388888888888889	5.525	1.9444444444444444	5.181818181818182	11.166666666666666	7.064102564102564	7.916666666666667	9.197916666666666	5.4619422572178475	29.928571428571427	18.433333333333334	24.36111111111111	25.826666666666668	10.78125	13.104166666666666	8.25	12.222222222222221	8.173007246376812	21.333333333333332	24.145833333333332	11.194444444444445	15.880952380952381	17.44385026737968	22.354166666666668	21.083333333333332	76.87121212121212	64.82692307692308	70.89295392953929	65.98958333333333	47.69135802469136	38.9382183908046	47.34067085953878	57.50613496932515	33.642857142857146	36.43939393939394	32.03488372093023	25.36038961038961	
88.93506493506493	74.06698564593302	58.28181818181818	53.01652892561984	49.317583732057415	40.710743801652896	32.21590909090909	29.503030303030304	26.266528925619834	15.526586620926244	11.833333333333334	10.612121212121211	11.833333333333334	16.337662337662337	16.16883116883117	10.803030303030303	18.9435736677116	12.895964997569276	9.56060606060606	6.1022727272727275	7.263636363636364	9.398601398601398	5.924242424242424	5.568181818181818	5.181818181818182	3.2892561983471076	9.623376623376624	6.321678321678322	7.5606060606060606	8.825284090909092	5.7516105941302795	30.792207792207794	18.445454545454545	25.863636363636363	25.78909090909091	11.420454545454545	12.409090909090908	8.93939393939394	13.348484848484848	8.941699604743082	22.2987012987013	24.318181818181817	14.303030303030303	14.707792207792208	17.842489061740398	22.818181818181817	21.818181818181817	76.58608815426997	64.74358974358974	70.55875831485588	64.9715909090909	46.53872053872054	38.63322884012539	47.43110348770726	57.00167317345232	33.8051948051948	36.32231404958678	31.701198026779423	24.85832349468713	
87.1734693877551	74.12781954887218	56.72857142857143	50.564935064935064	44.44971804511278	45.746753246753244	30.473214285714285	29.483333333333334	19.619318181818183	17.109164420485175	10.345238095238095	10.985714285714286	7.0476190476190474	8.775510204081632	9.183673469387756	6.261904761904762	11.348111658456485	6.906417112299465	9.583333333333334	10.589285714285714	12.371428571428572	7.021978021978022	10.5	11.232142857142858	11.166666666666666	9.623376623376624	3.4285714285714284	8.175824175824175	6.119047619047619	5.794642857142857	8.522497187851519	36.41836734693877	20.814285714285713	32.154761904761905	32.71142857142857	17.232142857142858	20.107142857142858	14.511904761904763	21.345238095238095	17.133152173913043	30.96938775510204	31.25	22.785714285714285	23.23469387755102	26.63903743315508	31.026785714285715	27.178571428571427	69.7267316017316	57.874542124542124	63.44018583042973	57.316964285714285	37.91534391534392	31.559113300492612	39.98472596585804	50.00350569675723	26.224489795918366	26.954545454545453	24.54983388704319	17.72356215213358	
85.81318681318682	72.56680161943319	55.253846153846155	52.45454545454545	46.947874493927124	39.01398601398601	29.692307692307693	26.76923076923077	23.585664335664337	13.866473149492018	10.14102564102564	8.533333333333333	9.923076923076923	14.87912087912088	14.395604395604396	9.602564102564102	18.207780725022104	12.795146030440147	6.871794871794871	6.3173076923076925	7.3076923076923075	6.822485207100592	5.948717948717949	7.453846153846154	7.064102564102564	6.321678321678322	8.175824175824175	3.8106508875739644	6.833333333333333	9.055288461538462	6.961841308298001	29.747252747252748	17.615384615384617	25.21794871794872	26.341538461538462	10.774038461538462	13.807692307692308	8.923076923076923	16.0	11.438127090301004	23.76923076923077	25.53846153846154	16.141025641025642	17.054945054945055	20.79185520361991	24.865384615384617	21.317307692307693	76.69638694638695	64.93491124260355	70.39712320200125	63.65384615384615	44.22222222222222	38.5	46.963715529753266	56.75696083058046	31.23076923076923	33.15384615384615	31.302325581395348	24.76123876123876	
87.07142857142857	76.0	57.95	51.40909090909091	46.853070175438596	43.75757575757576	31.354166666666668	30.33888888888889	22.304924242424242	17.32704402515723	12.722222222222221	11.78888888888889	8.055555555555555	10.642857142857142	10.880952380952381	7.25	13.438697318007662	7.874331550802139	10.38888888888889	9.8125	10.35	7.32051282051282	7.305555555555555	8.241666666666667	7.916666666666667	7.5606060606060606	6.119047619047619	6.833333333333333	1.8888888888888888	5.330729166666667	5.998687664041995	34.95238095238095	20.733333333333334	31.833333333333332	31.56	15.708333333333334	18.666666666666668	12.944444444444445	17.805555555555557	13.860507246376812	28.023809523809526	29.0625	19.88888888888889	21.392857142857142	23.632798573975045	27.479166666666668	27.208333333333332	70.77272727272727	59.26282051282051	64.86043360433604	59.916666666666664	41.20987654320987	33.05028735632184	41.515723270440255	51.71676891615542	27.88095238095238	30.863636363636363	26.266149870801033	19.375541125541126	
89.08928571428571	76.67845394736842	58.9671875	52.13636363636363	46.5940583881579	46.67613636363637	32.736328125	31.452604166666667	21.680930397727273	18.51621462264151	12.208333333333334	12.572916666666666	7.3046875	10.330357142857142	10.372767857142858	6.598958333333333	11.310344827586206	6.024314839572193	10.700520833333334	10.88671875	11.9875	8.243990384615385	9.6328125	10.11640625	9.197916666666666	8.825284090909092	5.794642857142857	9.055288461538462	5.330729166666667	4.06689453125	6.669660433070866	37.81919642857143	22.1	33.049479166666664	33.82125	17.779296875	20.755859375	15.682291666666666	20.682291666666668	15.756453804347826	30.337053571428573	31.8984375	21.994791666666668	23.473214285714285	25.553475935828878	30.712890625	28.861328125	68.5692471590909	56.87319711538461	62.623348577235774	58.0166015625	39.21238425925926	30.77007004310345	39.429736635220124	49.284796779141104	26.363839285714285	28.552556818181817	23.907703488372093	17.294338474025974	
88.84139482564679	76.04517198508081	59.936220472440944	52.818897637795274	48.88934935764608	42.96778811739442	32.92125984251968	30.9244094488189	24.996420901932712	16.72827217352548	12.211286089238845	11.46719160104987	10.078740157480315	14.429696287964004	14.880764904386952	9.476377952755906	16.352701601954927	10.229609667775485	9.536745406824148	7.311023622047244	8.715748031496062	8.754088431253786	6.475065616797901	6.131102362204724	5.4619422572178475	5.7516105941302795	8.522497187851519	6.961841308298001	5.998687664041995	6.669660433070866	4.631161262322524	33.534308211473565	20.286614173228347	28.446194225721786	28.94740157480315	13.763287401574804	16.061023622047244	11.321522309711286	15.506561679790027	10.818854844231428	25.926884139482564	27.265748031496063	17.11286089238845	18.65185601799775	20.44848204134911	25.47047244094488	24.14271653543307	73.42716535433071	61.756410256410255	67.54951667626912	63.038877952755904	44.396033829104695	35.65279663317947	44.35715346902392	54.18559489879716	31.391451068616423	33.68503937007874	28.889397546236953	22.239032620922384	
81.57142857142857	66.8796992481203	49.55714285714286	69.75324675324676	59.06954887218045	25.493506493506494	33.55357142857143	28.247619047619047	43.80194805194805	25.964959568733153	31.452380952380953	28.476190476190474	37.23809523809524	41.57142857142857	40.36734693877551	37.80952380952381	47.58620689655172	42.49732620320856	29.738095238095237	27.732142857142858	26.942857142857143	32.24175824175824	28.952380952380953	31.107142857142858	29.928571428571427	30.792207792207794	36.41836734693877	29.747252747252748	34.95238095238095	37.81919642857143	33.534308211473565	13.877551020408163	25.442857142857143	17.642857142857142	18.18857142857143	23.348214285714285	20.625	24.714285714285715	24.666666666666668	26.106366459627328	18.122448979591837	18.696428571428573	22.5	20.93877551020408	23.306340718105425	21.321428571428573	17.803571428571427	106.58225108225108	94.74358974358974	99.97793263646922	84.07142857142857	66.97354497354497	67.9039408866995	76.56064690026955	86.32602979842244	53.265306122448976	58.25974025974026	61.347729789590254	54.29313543599258	
80.04285714285714	64.42105263157895	46.23	54.7	48.33223684210526	31.51818181818182	24.5	24.286666666666665	30.338636363636365	17.330188679245282	16.1	16.64666666666667	21.066666666666666	23.214285714285715	23.84285714285714	21.616666666666667	30.577011494252872	25.60909090909091	16.133333333333333	16.925	15.97	18.115384615384617	17.3	18.83	18.433333333333334	18.445454545454545	20.814285714285713	17.615384615384617	20.733333333333334	22.1	20.286614173228347	25.442857142857143	13.1	22.883333333333333	25.948	15.6	17.925	16.2	19.766666666666666	18.87554347826087	24.514285714285716	26.375	20.7	20.164285714285715	23.431016042780747	26.2625	20.475	89.44318181818181	77.56025641025641	82.89674796747967	68.975	50.96296296296296	50.810344827586206	59.450943396226414	69.07791411042945	38.0	42.13636363636363	43.96201550387597	36.85194805194805	
85.0	68.91228070175438	52.766666666666666	68.75757575757575	58.48245614035088	27.37878787878788	36.541666666666664	27.97222222222222	40.71022727272727	22.745283018867923	26.86111111111111	24.955555555555556	30.583333333333332	35.357142857142854	35.76190476190476	32.916666666666664	42.77394636015325	37.57219251336898	25.555555555555557	24.1875	21.433333333333334	27.705128205128204	24.166666666666668	23.85	24.36111111111111	25.863636363636363	32.154761904761905	25.21794871794872	31.833333333333332	33.049479166666664	28.446194225721786	17.642857142857142	22.883333333333333	8.277777777777779	13.36	17.125	15.020833333333334	18.444444444444443	16.583333333333332	19.722826086956523	10.80952380952381	14.395833333333334	14.694444444444445	13.523809523809524	15.655971479500892	13.916666666666666	13.604166666666666	101.67929292929293	90.18589743589743	95.34146341463415	81.86458333333333	63.358024691358025	63.326149425287355	71.85953878406708	81.55930470347649	50.45238095238095	54.93939393939394	56.25710594315245	49.53679653679654	
84.77714285714286	70.75578947368422	55.672	69.40727272727273	62.104473684210525	29.145454545454545	38.72	31.486666666666668	44.11636363636364	25.234716981132074	29.886666666666667	26.394666666666666	33.53333333333333	37.22857142857143	37.354285714285716	34.026666666666664	43.45747126436782	38.071657754010694	26.80666666666667	24.02	23.096	29.338461538461537	25.273333333333333	24.71	25.826666666666668	25.78909090909091	32.71142857142857	26.341538461538462	31.56	33.82125	28.94740157480315	18.18857142857143	25.948	13.36	10.832	20.2775	15.11	20.013333333333332	14.8	19.207826086956523	10.257142857142858	9.825	14.133333333333333	12.534285714285714	12.642139037433155	10.325	14.69	102.27787878787879	90.36461538461539	95.92292682926829	84.5475	65.81037037037036	63.85310344827586	72.37408805031447	82.17398773006136	52.97714285714286	56.11272727272727	56.8431007751938	50.066233766233765	
84.64285714285714	69.84868421052632	52.8875	56.08522727272727	49.25575657894737	32.75568181818182	29.0078125	23.266666666666666	28.642755681818183	12.85495283018868	13.78125	12.116666666666667	17.291666666666668	22.1875	20.517857142857142	17.666666666666668	27.33477011494253	22.02072192513369	11.375	9.890625	9.58125	13.0625	10.416666666666666	11.596875	10.78125	11.420454545454545	17.232142857142858	10.774038461538462	15.708333333333334	17.779296875	13.763287401574804	23.348214285714285	15.6	17.125	20.2775	7.265625	9.890625	8.65625	12.15625	10.8828125	17.928571428571427	19.46875	12.583333333333334	12.6875	16.57052139037433	19.984375	14.9375	86.13210227272727	74.23397435897436	79.86229674796748	68.9609375	49.907407407407405	47.613146551724135	56.15998427672956	65.95245398773007	37.098214285714285	39.60795454545455	40.604651162790695	33.925324675324674	
86.30357142857143	70.53289473684211	54.7875	58.77272727272727	53.21628289473684	32.75	31.9375	26.0625	33.44176136363637	15.669811320754716	18.458333333333332	15.158333333333333	21.333333333333332	24.142857142857142	25.214285714285715	21.25	30.530172413793103	25.19585561497326	15.104166666666666	11.078125	11.3125	17.115384615384617	12.375	12.25	13.104166666666666	12.409090909090908	20.107142857142858	13.807692307692308	18.666666666666668	20.755859375	16.061023622047244	20.625	17.925	15.020833333333334	15.11	9.890625	4.6875	9.395833333333334	8.291666666666666	9.212635869565217	13.660714285714286	14.71875	9.416666666666666	7.910714285714286	11.665106951871659	14.640625	13.3125	89.44602272727273	77.67307692307692	82.994918699187	74.4140625	55.0462962962963	51.10129310344828	59.5809748427673	69.18941717791411	42.80357142857143	44.09090909090909	43.95542635658915	37.22808441558441	
86.69047619047619	71.63157894736842	55.63333333333333	54.40909090909091	49.911184210526315	34.56060606060606	30.625	25.533333333333335	28.670454545454547	13.172955974842766	12.36111111111111	10.744444444444444	16.88888888888889	19.5	21.476190476190474	16.583333333333332	25.45402298850575	19.7174688057041	10.027777777777779	7.3125	8.65	11.551282051282051	7.777777777777778	9.016666666666667	8.25	8.93939393939394	14.511904761904763	8.923076923076923	12.944444444444445	15.682291666666666	11.321522309711286	24.714285714285715	16.2	18.444444444444443	20.013333333333332	8.65625	9.395833333333334	3.388888888888889	11.61111111111111	8.715579710144928	17.595238095238095	19.958333333333332	11.222222222222221	11.619047619047619	15.476827094474153	18.708333333333332	15.791666666666666	84.15782828282828	72.07264957264957	77.54878048780488	69.55208333333333	49.72839506172839	45.65373563218391	54.083857442348005	63.918200408997954	37.5	39.21212121212121	38.554263565891475	31.66125541125541	
87.16666666666667	72.35964912280701	58.3	58.484848484848484	56.781798245614034	34.90909090909091	32.833333333333336	30.16111111111111	37.16098484848485	18.641509433962263	22.47222222222222	18.11111111111111	22.5	28.666666666666668	28.523809523809526	23.5	30.78544061302682	24.893939393939394	17.52777777777778	12.333333333333334	12.6	19.564102564102566	12.527777777777779	11.883333333333333	12.222222222222221	13.348484848484848	21.345238095238095	16.0	17.805555555555557	20.682291666666668	15.506561679790027	24.666666666666668	19.766666666666666	16.583333333333332	14.8	12.15625	8.291666666666666	11.61111111111111	2.5	7.007246376811594	12.452380952380953	11.604166666666666	5.833333333333333	5.940476190476191	7.32620320855615	11.041666666666666	14.270833333333334	88.70580808080808	76.9423076923077	82.54742547425474	77.4375	58.376543209876544	50.52298850574713	59.33018867924528	69.12269938650307	45.333333333333336	47.77272727272727	43.62015503875969	37.03354978354978	
