109.46938775510205	132.11428571428573	109.90029761904762	111.6935817805383	115.14285714285714	126.02872884691067	132.4126984126984	128.36111111111111	126.3556731334509	125.72268907563026	135.76633444075304	133.42508210180625	142.79591836734693	129.44595616024188	134.10657596371883	147.51022115959356	138.63507549361208	140.63492063492063	143.4359542266519	143.59821428571428	152.8798185941043	152.3469387755102	150.408475925189	145.78195488721803	149.7233560090703	155.765664160401	152.00826409362995	151.17805383022775	154.40136054421768	163.14285714285714	155.8904761904762	151.94719792678976	155.36996336996336	153.40373661426293	149.6904761904762	154.73527037933817	154.3978978978979	155.7074829931973	155.6335403726708	154.83193277310923	154.69327731092437	158.52380952380952	160.00808992884072	158.08963110869084	147.84656084656083	146.11854103343464	150.1290322580645	151.53300865800867	150.89795918367346	158.53061224489795	151.0254553434277	154.42424242424244	160.7092731829574	157.0812324929972	158.00680272108843	152.702947845805	151.02380952380952	157.45767195767195	156.60922146636432	154.77018633540374	156.42242703533026	154.77355258650223	156.2116402116402	155.71177944862154	157.14182194616978	155.47781649245064	155.5095238095238	156.43722943722943	154.08843537414967	160.76151247684427	156.35661375661377	162.36263736263737	160.25	161.5297619047619	159.5857142857143	157.12087912087912	162.9404761904762	166.55357142857142	155.2662570404506	161.37219485495348	160.0612244897959	159.38095238095238	159.45982142857142	157.93053221288514	159.86666666666667	164.1279761904762	153.34013605442178	158.04232804232805	163.60544217687075	161.84148775116984	109.23571428571428	130.7074829931973	125.84779433245691	148.07672241829061	141.46952380952382	127.78696741854637	137.82467532467533	145.71632388363906	157.2348840549289	
132.11428571428573	118.72	124.16458333333334	122.2	120.3391304347826	130.80165289256198	124.33333333333333	119.82777777777778	124.2	122.2392156862745	123.92713178294574	128.10316091954024	130.86666666666667	130.17671957671956	129.1015873015873	134.78824267782426	133.40357723577236	131.86666666666667	134.68733850129198	134.57916666666668	140.36825396825398	141.37142857142857	138.87316620241413	137.26315789473685	138.1482993197279	141.9280701754386	139.89305816135084	138.7478260869565	138.9904761904762	148.1904761904762	141.59333333333333	139.73650793650793	140.2923076923077	140.5071770334928	138.5	141.76158192090395	140.37357357357357	142.33333333333334	142.28115942028987	142.40392156862745	141.93529411764706	143.92	144.714456832705	143.51456539131254	135.76296296296297	136.19716312056738	139.68172043010753	138.9094696969697	136.97142857142856	142.03809523809525	139.25601638504864	142.0040404040404	145.44210526315788	141.20392156862746	142.55238095238096	140.33968253968254	140.16666666666666	142.15555555555557	142.7026455026455	142.54782608695652	142.4731182795699	141.65635491606716	144.12345679012347	142.58245614035087	143.2	142.22373983739837	143.3	142.3242424242424	142.22857142857143	145.02871090770404	142.88888888888889	144.0	146.63666666666666	143.84166666666667	142.26666666666668	143.25567765567766	147.95	147.90416666666667	142.05878136200718	145.74176245210728	143.4952380952381	142.37142857142857	144.18541666666667	142.7027450980392	145.14	146.21666666666667	141.88571428571427	142.58271604938273	146.56190476190477	145.66986994219653	131.06666666666666	119.60952380952381	126.67566462167689	134.33132832080202	130.58466666666666	122.13684210526316	133.22121212121212	134.83476005188066	142.9233418400227	
109.90029761904762	124.16458333333334	104.0	111.31929347826087	110.23777173913044	122.7603305785124	128.24479166666666	124.54427083333333	121.01504629629629	122.71599264705883	128.9331395348837	127.88880657327586	139.37946428571428	127.54563492063492	130.9985119047619	141.46121208158996	136.57576219512194	137.69270833333334	140.05838178294573	140.2451171875	150.60491071428572	150.88839285714286	147.6315720752089	144.0625	146.75573979591837	153.02302631578948	149.22050891181988	148.7486413043478	152.23214285714286	161.49107142857142	153.0625	149.24617346938774	152.81730769230768	150.9312200956938	148.628125	152.72139830508473	150.9634009009009	153.64285714285714	152.53804347826087	151.75735294117646	152.85110294117646	155.640625	157.75905390230207	155.71445273895242	145.04513888888889	143.1841755319149	148.87600806451613	148.93306107954547	148.58928571428572	153.67857142857142	148.01795314900153	153.19886363636363	157.9046052631579	153.4577205882353	158.33928571428572	151.0654761904762	151.59765625	155.13802083333334	154.5595238095238	154.2649456521739	154.44086021505376	152.59172661870502	154.74884259259258	154.19572368421052	154.42798913043478	153.02881097560976	153.734375	154.33948863636363	152.375	158.62082379862701	155.4013888888889	158.5721153846154	158.459375	157.43359375	155.6125	154.82383241758242	161.525390625	163.70703125	152.9173387096774	159.71785201149424	156.86160714285714	154.65625	156.865234375	155.55183823529413	157.0625	159.443359375	151.08482142857142	155.8148148148148	161.01339285714286	159.66645592485548	108.5203125	122.98883928571429	121.71434049079754	140.9563305585392	135.0103125	124.49506578947368	135.72301136363637	140.9935149156939	154.74164314438173	
111.6935817805383	122.2	111.31929347826087	74.07561436672968	92.1531190926276	100.98778296802013	96.73913043478261	82.40579710144928	94.80568974771873	86.46035805626599	100.50556117290192	102.97582458770614	100.85093167701864	94.88888888888889	96.89855072463769	112.37588684737129	99.19597030752917	95.33333333333333	101.91742500842602	101.31983695652174	107.56521739130434	106.472049689441	106.85533486738525	106.50343249427918	105.4616977225673	107.71967963386727	107.62158414226283	103.29300567107751	109.03726708074534	111.3167701863354	110.4608695652174	107.90875480627034	110.94314381270902	108.07177033492823	104.06521739130434	107.70596904937362	107.99059929494712	107.11801242236025	108.18714555765595	108.85677749360613	108.4846547314578	111.4608695652174	112.31076127934269	111.14673836313524	102.30434782608695	102.50971322849213	102.81206171107995	107.63784584980237	107.44099378881988	111.37888198757764	107.57082748948106	109.26482213438736	110.30434782608695	106.69820971867007	105.95031055900621	106.5031055900621	102.58695652173913	108.68719806763285	109.0303657694962	107.76748582230624	109.38662926601215	109.72208320300281	106.87600644122384	110.26773455377574	108.24196597353497	108.79215270413573	109.02608695652174	108.0790513833992	106.98757763975155	112.28229031937121	109.35652173913043	111.6989966555184	112.42608695652174	112.38858695652173	111.91739130434783	110.45914954610606	112.625	111.21467391304348	110.22533894343151	112.78410794602699	114.4192546583851	117.62111801242236	109.5	109.27877237851662	112.55652173913043	118.23641304347827	105.6583850931677	111.98067632850241	118.4223602484472	113.80811761749183	111.19782608695652	121.64285714285714	97.16004267804747	115.93284453369448	108.0891304347826	85.83524027459954	99.10430390865173	107.6598432301359	110.92407863812275	
115.14285714285714	120.3391304347826	110.23777173913044	92.1531190926276	66.4234404536862	82.43478260869566	78.78985507246377	84.54710144927536	73.69028448738594	77.85549872122762	79.93528816986856	79.6075712143928	83.19875776397515	81.04899930986888	77.05175983436853	87.4406494451519	85.57497348886533	86.08695652173913	85.30131445904955	86.0616847826087	94.43374741200829	93.74534161490683	93.18947559646361	94.94508009153319	93.67021591245194	98.83409610983982	93.50057100905457	92.9054820415879	97.01863354037268	104.84472049689441	97.62608695652175	95.25761608991422	97.51505016722408	95.68982733513626	94.96521739130435	96.96131171702284	95.60125342734038	97.59627329192547	98.37618147448015	95.9156010230179	95.83120204603581	98.73913043478261	102.16103382495004	100.28629480261986	86.82608695652173	88.69565217391305	91.94950911640954	92.7149209486166	91.12422360248448	94.48447204968944	92.5700260468844	97.10935441370223	103.36842105263158	97.1457800511509	101.64596273291926	95.6583850931677	93.63586956521739	98.10144927536231	98.28847481021394	99.55009451795841	98.74520804114071	95.56881451360651	98.42190016103059	96.48512585812357	97.86672967863895	96.50010604453871	96.3	97.800395256917	98.81987577639751	102.63187742513183	99.08792270531401	100.8428093645485	99.22391304347826	100.43478260869566	98.80434782608695	98.62016244624941	100.24184782608695	104.60597826086956	96.10051425899954	103.55297351324337	95.78260869565217	96.472049689441	100.71739130434783	98.74680306905371	100.66956521739131	104.1875	99.81987577639751	98.512077294686	106.01863354037268	103.56788766021613	114.47391304347826	119.472049689441	77.49666577754068	88.49147714005511	84.9408695652174	80.14187643020595	85.28151075977163	85.39152991597587	99.3769942806804	
126.02872884691067	130.80165289256198	122.7603305785124	100.98778296802013	82.43478260869566	73.29758896250256	87.22589531680441	81.13567493112947	78.05397408427712	76.67671366067088	87.3451854699212	79.38087774294671	87.543093270366	67.43132624950806	74.63715072805982	79.79285417891352	70.01818181818182	75.2107438016529	72.18098532897687	72.34204545454546	79.63262495080677	77.71664698937427	76.79571352931697	77.2383645063071	76.59431045145331	85.81143975641584	79.8090490440823	77.7200862378728	82.06375442739079	91.9409681227863	83.32809917355372	78.28242536684095	80.44310235219326	80.50717703349282	79.38842975206612	82.44389970584115	80.13934182116	81.09563164108619	83.10097017606898	80.43850267379679	81.16869227029655	84.81735537190083	88.25734318766834	86.1024067637213	83.0238751147842	85.93546685422895	82.74166888829646	87.68454169797145	86.52302243211334	89.78040141676506	84.2069543359866	84.82920110192838	88.96737712048717	90.77540106951872	89.21369539551358	85.66430539157813	86.45351239669421	85.0874655647383	88.0915650006559	86.20337765001797	88.20083533280014	90.77388667578334	91.78512396694215	87.70291431056981	88.19601149838304	88.93835920177384	88.09421487603306	88.91998497370398	88.47815820543093	91.4175596194943	88.47584940312213	92.16719643992371	92.48512396694215	92.45454545454545	93.31818181818181	93.15493597311779	94.1694214876033	95.34969008264463	90.2002132764596	93.93226940248884	91.19126328217237	93.66824085005904	94.24405991735537	89.4133203694701	96.57851239669421	93.76704545454545	89.19598583234946	93.805019895929	92.97166469893743	95.40187144699756	125.60537190082644	130.2396694214876	76.59823556254119	81.3410710956849	88.43107438016528	78.46628969117008	69.70957508974038	77.64754370732439	87.2582390577835	
132.4126984126984	124.33333333333333	128.24479166666666	96.73913043478261	78.78985507246377	87.22589531680441	29.77777777777778	69.80555555555556	62.882716049382715	68.11274509803921	42.25581395348837	65.034841954023	38.142857142857146	75.89682539682539	55.023809523809526	51.70292887029289	72.89065040650407	53.833333333333336	62.27906976744186	59.880208333333336	69.13888888888889	66.35714285714286	65.99489322191272	72.1842105263158	66.24489795918367	52.469298245614034	56.26469668542839	61.594202898550726	57.04761904761905	56.57142857142857	59.81666666666667	69.27324263038548	62.333333333333336	63.33014354066986	61.083333333333336	61.40819209039548	63.302552552552555	63.595238095238095	60.05797101449275	62.5	61.1764705882353	59.266666666666666	60.16506243148579	60.8995482140336	44.18518518518518	41.6241134751773	49.86021505376344	45.359848484848484	47.857142857142854	45.595238095238095	48.19994879672299	50.52020202020202	52.51754385964912	45.90196078431372	48.833333333333336	49.07142857142857	48.395833333333336	52.02777777777778	49.84920634920635	50.01449275362319	49.51433691756272	46.871103117505996	48.58641975308642	47.63157894736842	49.4963768115942	48.33821138211382	49.18333333333333	48.416666666666664	49.142857142857146	50.73695652173913	49.71851851851852	49.666666666666664	48.525	50.520833333333336	48.96666666666667	47.78021978021978	49.34375	51.34375	47.526881720430104	50.04501915708812	48.035714285714285	49.42857142857143	48.401041666666664	49.305882352941175	49.416666666666664	49.635416666666664	49.595238095238095	47.339506172839506	50.095238095238095	50.41600433526011	132.2	123.67857142857143	73.95398773006134	54.85803795202291	57.973333333333336	66.70175438596492	73.8030303030303	48.89926502377864	57.02590673575129	
128.36111111111111	119.82777777777778	124.54427083333333	82.40579710144928	84.54710144927536	81.13567493112947	69.80555555555556	30.069444444444443	73.53189300411523	47.89705882352941	80.12209302325581	78.9069683908046	58.833333333333336	60.07142857142857	59.81944444444444	78.76825313807531	54.24268292682927	48.791666666666664	53.93927648578811	53.255208333333336	55.2281746031746	51.61904761904762	54.626857010213556	54.17982456140351	53.42460317460318	54.25438596491228	54.92229518449031	53.43478260869565	49.404761904761905	59.904761904761905	57.458333333333336	54.45436507936508	50.455128205128204	53.90151515151515	52.208333333333336	54.84957627118644	55.50675675675676	61.45238095238095	53.242753623188406	56.73039215686274	51.3578431372549	57.80833333333333	56.849536108660196	56.310026354181375	53.638888888888886	63.441489361702125	53.16129032258065	60.85369318181818	58.82142857142857	56.01190476190476	59.6737071172555	54.34090909090909	55.824561403508774	57.53431372549019	54.583333333333336	56.285714285714285	52.802083333333336	53.692129629629626	56.02248677248677	55.16304347826087	55.916666666666664	61.10641486810552	55.43518518518518	56.87280701754386	56.322463768115945	57.922764227642276	55.208333333333336	57.23106060606061	53.32142857142857	56.827860411899316	56.09814814814815	57.743589743589745	58.81666666666667	58.625	59.891666666666666	61.15384615384615	61.151041666666664	60.958333333333336	60.08512544802868	58.93726053639847	57.82142857142857	61.61904761904762	61.080729166666664	56.58627450980392	59.90833333333333	59.484375	55.404761904761905	62.49074074074074	59.26190476190476	60.35377528901734	127.90416666666667	119.64880952380952	77.29294478527608	86.16308628714644	81.91416666666667	42.38157894736842	54.81439393939394	71.20957630782533	58.03443920294899	
126.3556731334509	124.2	121.01504629629629	94.80568974771873	73.69028448738594	78.05397408427712	62.882716049382715	73.53189300411523	61.51684194482549	67.86456063907045	63.53775480907264	67.8705300127714	63.30864197530864	69.14971585341955	59.51469723691946	68.6732450023245	70.75880758807588	63.07201646090535	66.71700641209685	66.77739197530865	75.35420340975897	74.57671957671958	73.57847587606176	74.79922027290448	72.99479297891996	74.58836907082521	72.15716999050332	72.82501341921632	71.4021164021164	78.85890652557319	75.85802469135803	75.54875283446712	74.96201329534662	74.85521885521885	70.98395061728395	75.39181837204436	74.88855522188855	75.48500881834215	76.20880300590446	75.55047204066813	73.93718228031953	76.07530864197531	78.36556063563363	77.29725320407235	64.81893004115226	66.02232729183083	69.42493030665074	70.10620089786757	71.14814814814815	70.53968253968254	70.09889818133546	72.83875794986906	76.29174788823912	73.10167029774873	72.9453262786596	71.62669018224574	70.22993827160494	74.2681755829904	73.59611992945327	74.51046698872786	73.77857427319793	73.21915800692778	73.41197988111568	72.81221572449643	73.87520128824477	73.71303824149352	73.46666666666667	74.50617283950618	74.59611992945327	77.12336921208012	73.71769547325103	75.68755935422602	74.84074074074074	76.6195987654321	75.9037037037037	74.66123999457332	74.8016975308642	77.65354938271605	73.54108588875614	77.85589612601107	74.50881834215167	74.83597883597884	75.54513888888889	75.84328249818446	76.32345679012346	75.68827160493827	73.84126984126983	75.19250114311842	78.61904761904762	77.97925140940555	125.7179012345679	123.5546737213404	70.53980156025146	71.17737465356512	68.06333333333333	69.12475633528265	70.94251153510413	65.73095707034315	76.18040482675855	
125.72268907563026	122.2392156862745	122.71599264705883	86.46035805626599	77.85549872122762	76.67671366067088	68.11274509803921	47.89705882352941	67.86456063907045	46.93944636678201	75.97948016415869	73.52605223123732	59.205882352941174	56.95238095238095	56.166666666666664	74.59716957912872	55.75588235294118	49.90196078431372	53.98449612403101	53.743198529411764	60.20168067226891	57.55042016806723	59.09823037850238	58.916408668730654	58.280912364945976	60.36919504643963	58.933313100099326	58.20204603580563	55.445378151260506	66.9201680672269	61.90294117647059	60.252701080432175	59.0316742081448	59.85505206867436	58.60588235294118	60.91226321036889	60.87811340752517	63.42016806722689	60.06265984654731	61.49134948096886	58.8477508650519	63.32058823529412	64.07987911616078	62.99830995507055	55.80065359477124	64.12828535669587	57.01043643263757	63.32202540106952	60.46218487394958	62.57983193277311	61.68912080961417	58.99465240641711	63.8250773993808	63.83737024221453	62.319327731092436	59.64705882352941	59.30882352941177	59.97957516339869	61.6265172735761	59.76470588235294	61.37318153067679	64.5759627592044	62.00871459694989	60.19814241486068	62.460997442455245	62.14074605451937	61.55294117647059	61.169786096256686	58.668067226890756	64.25196527123435	60.566013071895426	65.37782805429865	64.71029411764705	64.49448529411765	65.13823529411765	64.8852617970265	66.11764705882354	67.24816176470588	63.64484503478811	65.64452332657201	62.91596638655462	66.66806722689076	66.16727941176471	62.47266435986159	66.23235294117647	65.95036764705883	62.445378151260506	66.85838779956427	63.80672268907563	66.85234614076845	125.41911764705883	121.98109243697479	72.02057019126669	81.13183168004043	77.14	47.14551083591331	55.930184194890074	67.70008392462043	63.79055120617576	
135.76633444075304	123.92713178294574	128.9331395348837	100.50556117290192	79.93528816986856	87.3451854699212	42.25581395348837	80.12209302325581	63.53775480907264	75.97948016415869	41.71011357490536	65.96286086607859	48.30232558139535	79.91509782207457	59.160575858250276	56.20533229541695	78.18990357345434	60.07751937984496	67.98738056607175	66.09447674418605	75.00387596899225	72.07641196013289	72.62097557815638	79.74418604651163	72.65796551178612	62.27294981640147	64.25476678738166	67.98382204246714	65.9202657807309	65.72757475083057	67.24651162790698	75.56644518272425	69.41323792486583	70.13808834983865	68.0093023255814	68.46413086322428	70.27047978210769	69.7641196013289	67.43073811931244	69.74829001367989	68.01025991792066	66.63023255813954	68.63645792333621	69.04352708253302	52.25064599483204	50.8678871845621	58.774193548387096	54.92838266384778	58.75747508305648	57.029900332225914	57.51587896974244	59.706131078224104	62.78702570379437	56.900136798905606	59.611295681063126	58.905869324473976	58.31104651162791	61.049741602067186	60.11997046880768	60.5005055611729	60.08202050512628	57.030366404550776	58.07149009474591	58.51529987760098	60.05460060667341	58.56868973340896	59.6	59.09619450317125	60.37541528239203	61.538901601830666	60.03824289405685	60.08050089445438	59.769767441860466	61.30668604651163	59.544186046511626	58.72731919243547	59.5218023255814	61.611918604651166	57.76869217304326	61.1411387329591	58.21262458471761	60.285714285714285	59.48473837209303	59.84514363885089	60.406976744186046	60.8531976744186	59.561461794019934	57.59862187769164	60.66445182724252	61.286009544293584	135.02441860465117	123.73089700996678	75.2796404622628	57.05390552793945	58.2506976744186	75.72705018359854	78.98120742306789	55.7184870147498	65.69948186528498	
133.42508210180625	128.10316091954024	127.88880657327586	102.97582458770614	79.6075712143928	79.38087774294671	65.034841954023	78.9069683908046	67.8705300127714	73.52605223123732	65.96286086607859	66.93790873959571	65.88669950738917	71.05213464696223	58.052545155993435	64.15398706896552	70.6440180824222	64.07076149425288	63.01304798182304	63.523275862068964	73.9059934318555	72.44796798029557	71.06007167899337	74.35583030852995	70.74356380483228	72.03522005444646	68.89546402924242	69.83948650674662	70.36514778325123	77.0628078817734	72.58254310344827	73.30379134412385	72.26574933687003	72.21775490843095	70.21228448275862	72.61740210403273	71.96759474992234	72.63977832512315	73.1097263868066	71.96691176470588	71.5204107505071	73.37801724137931	76.34737309946534	75.1849154970376	64.47485632183908	64.08377659574468	67.1847191323693	67.35303193573668	68.47383004926108	67.83405172413794	67.1963491180677	69.83894984326018	74.12273139745916	70.14604462474645	72.0942118226601	69.20956486042692	69.02586206896552	71.4786877394636	71.38204707170225	71.0148988005997	71.44456803856137	70.49104595633838	71.46376117496807	70.15834845735027	71.7554347826087	70.8136669470143	70.64676724137931	71.04672805642633	71.97075123152709	74.63594107551488	71.26417624521073	73.56797082228117	72.97446120689655	74.22790948275862	72.56379310344828	72.31482095490716	72.94113685344827	75.69841056034483	70.67517148683723	75.20967102655568	71.94273399014779	73.65332512315271	73.74151400862068	72.25583164300203	74.83512931034483	74.66891163793103	71.94365763546799	72.89072477650063	75.48768472906404	75.55804717086905	132.89633620689656	127.70350985221675	72.49135286651153	65.96935997629542	66.34245689655172	74.57134754990926	70.90349616858238	62.074762958987435	73.90871992325313	
142.79591836734693	130.86666666666667	139.37946428571428	100.85093167701864	83.19875776397515	87.543093270366	38.142857142857146	58.833333333333336	63.30864197530864	59.205882352941174	48.30232558139535	65.88669950738917	16.775510204081634	66.74149659863946	47.445578231292515	48.15397489539749	61.27317073170732	37.95238095238095	48.97674418604651	45.64107142857143	53.3843537414966	53.53061224489796	51.280939116593714	56.285714285714285	50.61710398445092	36.88721804511278	40.50844277673546	46.62732919254658	43.755102040816325	35.816326530612244	43.7	53.779397473275026	47.879120879120876	47.22761449077239	44.9	44.63680387409201	47.67310167310168	44.59183673469388	44.590062111801245	44.35294117647059	44.85294117647059	42.72857142857143	44.281107838980624	45.05310502006817	26.555555555555557	24.577507598784194	32.08294930875576	26.3474025974026	29.081632653061224	24.0	30.689049813473776	31.748917748917748	35.0	26.73949579831933	26.53061224489796	28.108843537414966	29.553571428571427	34.32142857142857	29.85034013605442	31.832298136645964	30.1321044546851	26.766700924974305	28.24867724867725	27.481203007518797	31.01552795031056	28.23693379790941	27.771428571428572	27.4025974025974	30.387755102040817	31.187839163125204	28.514285714285716	28.0989010989011	28.428571428571427	28.607142857142858	25.771428571428572	27.14442700156986	28.303571428571427	29.089285714285715	27.225806451612904	28.61904761904762	27.908163265306122	26.46938775510204	26.90625	28.49579831932773	27.714285714285715	28.741071428571427	29.591836734693878	26.33862433862434	29.591836734693878	28.271882741535922	143.07857142857142	130.72448979591837	74.26993865030674	55.982046954119994	58.075714285714284	56.962406015037594	62.59018759018759	40.4585881045025	40.469337251566	
129.44595616024188	130.17671957671956	127.54563492063492	94.88888888888889	81.04899930986888	67.43132624950806	75.89682539682539	60.07142857142857	69.14971585341955	56.95238095238095	79.91509782207457	71.05213464696223	66.74149659863946	39.601410934744266	55.60695389266818	68.43185561532842	38.309407665505226	45.24338624338624	44.28829826504245	43.87460317460317	45.65721844293273	42.750566893424036	44.25847813591546	42.36424394319131	42.710290465392504	52.198412698412696	48.723621906548736	43.916494133885436	46.82766439909297	58.605442176870746	47.09047619047619	44.506046863189724	45.36752136752137	46.055593529277736	45.82380952380952	47.64783427495292	46.65658515658516	46.60997732426304	49.95376121463078	47.93557422969187	47.4000933706816	49.51904761904762	53.691435548578404	51.87003758160048	56.38977072310406	63.90746369469774	52.04813108038915	62.72664141414141	58.44897959183673	58.997732426303855	57.560383293102184	54.317460317460316	54.702589807852966	63.78618113912231	57.956916099773245	56.430839002267575	55.926587301587304	53.61243386243386	58.208868732678255	55.076604554865426	57.7231609489674	64.63611967568802	61.05408583186361	59.49039264828738	58.52415458937198	61.292218350754936	57.91111111111111	60.108225108225106	57.698412698412696	59.82572736188297	59.03068783068783	63.584859584859586	65.60238095238095	63.63095238095238	64.8031746031746	67.1189604046747	67.27380952380952	67.40277777777777	63.792285372930536	64.45356686735997	64.12131519274377	66.3514739229025	66.16914682539682	61.12717086834734	70.23650793650793	64.80257936507937	63.20634920634921	67.22868900646678	62.52607709750567	66.87850949628407	129.43492063492064	129.72675736961452	68.78469179082676	74.91841849521764	78.4173015873016	57.294903926482874	38.334135000801666	61.94153130339901	55.887661372387996	
134.10657596371883	129.1015873015873	130.9985119047619	96.89855072463769	77.05175983436853	74.63715072805982	55.023809523809526	59.81944444444444	59.51469723691946	56.166666666666664	59.160575858250276	58.052545155993435	47.445578231292515	55.60695389266818	33.66780045351474	53.95932456664674	52.11800232288037	42.45238095238095	40.35843484680694	41.05818452380952	51.20918367346939	51.84013605442177	49.732690011937926	53.14035087719298	48.55928085519922	48.540100250626566	47.22996515679443	47.12215320910973	45.894557823129254	52.75170068027211	48.62380952380953	50.925170068027214	48.798534798534796	49.3360674413306	47.661904761904765	49.39366424535916	49.263513513513516	49.47959183673469	49.77432712215321	48.712885154061624	49.98809523809524	49.595238095238095	51.809550546776826	51.29893507593635	42.91269841269841	43.33789260385005	44.284178187403995	44.96617965367965	45.16326530612245	43.74829931972789	45.5867529807622	47.10750360750361	49.06015037593985	45.515406162464984	49.275510204081634	47.48866213151928	45.93154761904762	49.466931216931215	49.22978080120937	48.27018633540373	48.79083461341526	46.66752312435766	48.01499118165785	46.26817042606516	49.51501035196687	47.29547038327526	45.819047619047616	47.692640692640694	48.244897959183675	50.960613490247354	49.53280423280423	48.13919413919414	47.63452380952381	49.58184523809524	47.50952380952381	48.49398220826792	48.17559523809524	52.464285714285715	47.12826420890937	51.53612479474548	48.16156462585034	49.61904761904762	49.432291666666664	48.9672268907563	52.77142857142857	50.555059523809526	48.23809523809524	47.74603174603175	52.13945578231292	51.71948114505918	134.01785714285714	128.7108843537415	65.10414840782938	59.965960820418395	54.1552380952381	56.432330827067666	52.74506974506974	47.810110555246744	50.856879554853414	
147.51022115959356	134.78824267782426	141.46121208158996	112.37588684737129	87.4406494451519	79.79285417891352	51.70292887029289	78.76825313807531	68.6732450023245	74.59716957912872	56.20533229541695	64.15398706896552	48.15397489539749	68.43185561532842	53.95932456664674	37.946776667075156	63.215334728033476	47.948570432357045	51.133970678862184	48.04042364016736	59.14025702331141	52.60167364016736	52.39669963054044	62.12092050209205	54.883020237383654	49.75132129486897	45.49995015189933	52.385555757686014	53.10185295875672	54.94309623430962	53.691171548117154	56.814057296558794	54.208062439652394	54.23075814298012	54.44154811715481	53.44166903056521	51.870157186475176	53.477674835624626	53.800882299436054	53.08615555008614	52.33948437115432	54.177364016736405	57.37751124055372	56.21338223940049	44.51959553695956	41.91257010593786	44.95986637872857	41.265370625713196	42.55750149432158	44.03771667662881	40.673524477951524	45.4762964371751	50.99484695001101	45.78525719911396	48.86521219366408	43.85217174736003	44.74165794979079	47.82095536959554	45.540957694095766	45.36644533381845	45.88175867188554	42.97194997140363	45.43884239888424	43.9664501211187	45.89746680007277	44.470520461271555	44.09506276150628	44.42267972613161	47.685295875672445	50.03098484340741	45.10780567178057	47.40537495976827	46.13657949790795	48.275993723849375	45.80851464435146	45.109108464757	45.9246469665272	49.67979864016736	43.07248166644172	49.505070215938055	45.039166168559476	46.60406455469217	47.52922332635983	46.04067191730248	48.446192468619245	48.84832635983263	46.3425881649731	45.97629784596312	49.87483562462642	49.33066455849276	147.16223849372386	134.68505678421997	72.79601483687142	40.74339172797505	64.60922175732217	73.63083021360934	64.41305418198723	35.32138395497886	52.91643213140618	
138.63507549361208	133.40357723577236	136.57576219512194	99.19597030752917	85.57497348886533	70.01818181818182	72.89065040650407	54.24268292682927	70.75880758807588	55.75588235294118	78.18990357345434	70.6440180824222	61.27317073170732	38.309407665505226	52.11800232288037	63.215334728033476	29.856121356335514	35.71504065040651	36.05570051049348	34.81967987804878	30.3	30.541811846689896	31.009389224811468	27.762002567394095	28.946125767380124	39.174775353016685	36.72996156134169	29.285047720042417	33.262369337979095	42.84285714285714	33.596585365853656	29.63412974946076	31.375234521575987	31.566635546738244	31.465853658536584	33.18480777180653	32.03972753241046	32.86480836236934	34.64761399787911	32.30086083213774	32.592826398852225	34.89048780487805	38.208902722700124	36.85252528382971	46.6449864498645	55.427919045147895	41.12218725413061	53.2002078713969	47.72857142857143	50.40487804878049	47.74084148214754	42.82749445676275	42.34698331193838	53.499569583931134	45.955052264808366	46.09988385598142	45.302439024390246	41.390582655826556	47.267208672086724	43.904665959703074	46.5458431681091	54.366309878926124	49.733062330623305	48.482284980744545	47.010180275715804	49.851814396192744	46.63170731707317	48.9440133037694	46.189547038327525	47.19249260478875	48.96211382113821	51.38761726078799	54.60841463414634	52.08460365853659	55.27829268292683	56.372929509514876	55.96295731707317	54.978506097560974	53.08287437713087	52.669386038687975	53.115679442508714	55.32264808362369	55.56036585365854	49.4106456241033	57.540975609756096	51.13841463414634	51.11533101045296	56.94896115627823	52.15574912891986	55.66479804032144	138.83926829268293	133.17717770034844	70.55313481969175	70.68994786618113	76.49692682926829	54.06136071887035	30.777063316087705	56.049913004966626	42.7437630500348	
140.63492063492063	131.86666666666667	137.69270833333334	95.33333333333333	86.08695652173913	75.2107438016529	53.833333333333336	48.791666666666664	63.07201646090535	49.90196078431372	60.07751937984496	64.07076149425288	37.95238095238095	45.24338624338624	42.45238095238095	47.948570432357045	35.71504065040651	14.444444444444445	28.347545219638242	24.759375	30.97222222222222	29.333333333333332	28.250232126276696	32.271929824561404	27.187074829931973	24.140350877192983	23.532207629768607	24.52173913043478	21.166666666666668	26.571428571428573	27.066666666666666	30.223356009070294	26.628205128205128	26.85725677830941	23.716666666666665	26.819209039548024	26.48273273273273	26.38095238095238	26.557971014492754	26.745098039215687	24.16176470588235	27.15	29.795018849763377	29.246858675702384	24.75925925925926	33.641843971631204	22.177419354838708	31.34375	26.61904761904762	28.285714285714285	27.73758320532514	23.853535353535353	25.412280701754387	30.401960784313726	26.428571428571427	24.134920634920636	23.291666666666668	24.49537037037037	25.88095238095238	23.333333333333332	25.474910394265233	30.983213429256594	26.771604938271604	27.403508771929825	26.77173913043478	27.789430894308943	28.216666666666665	26.325757575757574	23.714285714285715	28.158161708619375	26.914814814814815	28.756410256410255	31.616666666666667	30.427083333333332	30.016666666666666	31.62087912087912	33.041666666666664	31.1875	30.066308243727597	30.517241379310345	31.047619047619047	30.38095238095238	31.135416666666668	26.666666666666668	33.766666666666666	30.479166666666668	28.30952380952381	31.055555555555557	28.928571428571427	32.54425578034682	140.84166666666667	131.70238095238096	68.63701431492842	56.45452918009309	63.446666666666665	46.6140350877193	37.03872053872054	40.022481625594466	30.413128657231976	
143.4359542266519	134.68733850129198	140.05838178294573	101.91742500842602	85.30131445904955	72.18098532897687	62.27906976744186	53.93927648578811	66.71700641209685	53.98449612403101	67.98738056607175	63.01304798182304	48.97674418604651	44.28829826504245	40.35843484680694	51.133970678862184	36.05570051049348	28.347545219638242	25.343308695390903	26.1671511627907	33.207087486157256	32.35991140642304	30.860421929995034	35.37331701346389	29.74096925591942	31.800897592819258	29.614599240804573	27.893495112908663	29.718715393133998	37.4905869324474	31.97751937984496	32.54627432368296	31.41860465116279	30.928860205481993	30.198449612403103	31.249178820128762	30.71394650464418	32.3765227021041	31.529828109201212	29.43547651618787	30.55357957136343	33.30930232558139	35.47058373641297	34.50960647122108	35.47372954349699	42.30282038594755	31.118279569892472	39.27625088090204	34.94795127353267	36.99557032115172	35.487967229902715	31.519144937749587	34.92696858425133	38.77291381668947	34.87707641196013	33.61203396087117	32.810077519379846	32.180017226528854	34.403346868463146	32.15133131108864	34.11102775693924	39.49364229546595	36.62503588860178	35.80742554059567	34.56049882035726	36.532274532047644	35.32170542635659	34.572233967582804	34.775193798449614	36.63822397246909	35.31472868217054	38.63983303518187	39.665116279069764	38.252422480620154	40.53333333333333	41.47993866598518	40.38614341085271	40.871608527131784	38.2367258481287	39.650449968814044	39.301771871539316	40.83056478405316	40.87887596899225	36.564888280893754	42.67829457364341	38.06298449612403	37.0874861572536	41.2595463680735	39.27574750830565	41.25556470403728	143.58565891472867	134.60908084163898	67.92119655680791	58.818666266996395	63.465581395348835	52.58547531619747	36.69806593062407	43.96063704642114	36.53597658172566	
143.59821428571428	134.57916666666668	140.2451171875	101.31983695652174	86.0616847826087	72.34204545454546	59.880208333333336	53.255208333333336	66.77739197530865	53.743198529411764	66.09447674418605	63.523275862068964	45.64107142857143	43.87460317460317	41.05818452380952	48.04042364016736	34.81967987804878	24.759375	26.1671511627907	24.44546875	30.32172619047619	28.28392857142857	27.469202646239555	32.358552631578945	26.877253401360544	27.542763157894736	25.29314610694184	24.558152173913044	26.00089285714286	32.995535714285715	27.655	29.260182823129252	27.45576923076923	27.28477870813397	26.679375	27.315360169491527	26.7606981981982	27.942857142857143	27.62391304347826	26.154779411764707	26.598161764705882	28.47375	31.72109218336408	30.771683079203726	31.213194444444444	38.7156914893617	26.812298387096774	35.23121448863636	30.651785714285715	32.580357142857146	31.073377496159754	27.35340909090909	30.73782894736842	34.94742647058823	30.980357142857144	29.04077380952381	28.88359375	27.544618055555556	30.12093253968254	27.658967391304348	29.828225806451613	35.420323741007195	32.38356481481482	31.247697368421054	30.269972826086956	32.31618902439024	30.940625	30.92784090909091	30.294642857142858	32.483616990846684	30.910416666666666	34.199038461538464	36.018125	34.55078125	36.055	37.53131868131868	37.27890625	36.79296875	34.21068548387097	35.46023706896552	34.661160714285714	36.71785714285714	36.775	32.49661764705883	38.461875	34.232421875	32.64375	37.24930555555556	35.058035714285715	37.328242413294795	143.759375	134.49821428571428	68.20111196319019	56.07048200859291	64.4109375	51.83256578947368	35.89958964646465	40.528056095979245	32.811026312736836	
152.8798185941043	140.36825396825398	150.60491071428572	107.56521739130434	94.43374741200829	79.63262495080677	69.13888888888889	55.2281746031746	75.35420340975897	60.20168067226891	75.00387596899225	73.9059934318555	53.3843537414966	45.65721844293273	51.20918367346939	59.14025702331141	30.3	30.97222222222222	33.207087486157256	30.32172619047619	12.986394557823129	17.238095238095237	18.887849847459876	14.30451127819549	16.81519274376417	22.040726817042607	23.80434199946395	15.873706004140788	17.108843537414966	22.928571428571427	14.93095238095238	13.962018140589569	13.983516483516484	14.655502392344498	16.483333333333334	14.911622276029055	15.73959673959674	13.73469387755102	15.907867494824016	13.861344537815127	14.661764705882353	15.226190476190476	16.881674286783777	17.14059821302515	38.76984126984127	47.82877406281661	28.264976958525345	42.08468614718615	35.275510204081634	37.44897959183673	36.4232316582547	28.02236652236652	23.8671679197995	40.14985994397759	29.921768707482993	31.741496598639454	30.836309523809526	25.390873015873016	31.46371882086168	28.526915113871635	30.78827444956477	40.095409386776296	34.92416225749559	34.90601503759399	31.362836438923395	35.17549361207898	33.67142857142857	33.646103896103895	29.89455782312925	29.880854309687262	32.63174603174603	35.29120879120879	38.851190476190474	35.98511904761905	39.4547619047619	41.27498691784406	40.40922619047619	38.90922619047619	38.47414234511009	36.16776135741653	37.86224489795919	37.7108843537415	39.65252976190476	33.772268907563024	42.98095238095238	34.45238095238095	35.357142857142854	41.41269841269841	35.125850340136054	39.488774772914944	153.2952380952381	140.5748299319728	77.44770669003798	67.91614239680835	74.44309523809524	56.216791979949875	32.246993746993745	50.991198814156014	25.65717305404878	
152.3469387755102	141.37142857142857	150.88839285714286	106.472049689441	93.74534161490683	77.71664698937427	66.35714285714286	51.61904761904762	74.57671957671958	57.55042016806723	72.07641196013289	72.44796798029557	53.53061224489796	42.750566893424036	51.84013605442177	52.60167364016736	30.541811846689896	29.333333333333332	32.35991140642304	28.28392857142857	17.238095238095237	8.653061224489797	18.555511341026662	17.834586466165412	18.21282798833819	19.906015037593985	20.244840525328332	16.161490683229815	18.428571428571427	22.857142857142858	14.67142857142857	16.983965014577258	13.989010989010989	15.452494873547504	17.557142857142857	14.5181598062954	16.15958815958816	13.387755102040817	16.13664596273292	13.302521008403362	14.201680672268907	15.842857142857143	18.41118839450435	18.291966680784977	38.3968253968254	44.869300911854104	26.27188940092166	38.390422077922075	30.755102040816325	37.59183673469388	31.879526003949966	25.09090909090909	23.481203007518797	38.64705882352941	31.816326530612244	28.897959183673468	28.428571428571427	21.08730158730159	27.8140589569161	24.58385093167702	27.293394777265746	36.535457348406986	33.264550264550266	32.32330827067669	27.18633540372671	32.16655052264808	29.542857142857144	30.857142857142858	26.020408163265305	27.053089244851257	30.022222222222222	32.967032967032964	36.292857142857144	31.553571428571427	37.02857142857143	38.71899529042386	37.660714285714285	36.69642857142857	35.015360983102916	32.7807881773399	33.55102040816327	37.30612244897959	36.870535714285715	30.38487394957983	37.857142857142854	29.678571428571427	30.408163265306122	38.60846560846561	30.081632653061224	36.5806151940545	152.57857142857142	141.64285714285714	75.64680105170903	61.47982200398957	74.13857142857142	53.70676691729323	32.1948051948052	44.386140448397256	24.98447805384624	
