0	18	23	16	12	38	59	10	15	40	51	
18	0	5	13	21	39	67	24	3	28	49	
23	5	0	13	26	39	67	29	8	23	49	
16	13	13	0	26	31	55	25	12	26	39	
12	21	26	26	0	48	67	13	21	49	62	
38	39	39	31	48	0	28	38	36	25	16	
59	67	67	55	67	28	0	58	64	46	19	
10	24	29	25	13	38	58	0	21	46	54	
15	3	8	12	21	36	64	21	0	31	46	
40	28	23	26	49	25	46	46	31	0	31	
51	49	49	39	62	16	19	54	46	31	0	
