113.24565381708238	138.56189975661792	121.61006289308176	149.6005589999713	145.31421540791217	146.8713196564715	154.07781038558736	161.99681799833078	160.56267533503305	161.3750746786582	147.73417024556767	161.95627150550078	164.00185981050038	153.02306669794353	158.177490849565	163.34686318972032	163.98666666666668	165.20271047990346	163.9636456733231	161.32082732082733	112.21541950113378	132.96719576719576	110.58928571428571	113.0351966873706	115.3015873015873	127.66299357208447	134.32010582010582	129.66402116402116	126.51205173427395	127.17133520074697	135.73089700996678	134.044061302682	145.8049886621315	131.89846308893928	135.40362811791383	148.92631666334594	141.04591560201317	141.33333333333334	144.6660514334933	160.51404172828984	159.11015915070348	
138.56189975661792	55.11468282815979	130.32509798380198	65.0695574395867	67.1886069140939	52.92391104344121	45.60005173613933	50.92153082615092	50.08236152262129	52.105462222735106	56.194285460548926	55.41280124837039	60.17993537312556	56.31084384605377	58.47911215288356	60.46935825966177	62.322195506503746	62.618358931094654	62.0566582323547	59.902055637175856	136.8997128216679	131.84178163184865	133.6521358888451	99.84027694469675	83.76673921612311	74.18949628148037	69.34804887662594	62.303508080409934	69.86282038180606	61.57490319738459	73.5529878725101	69.78695479319859	61.388873247367535	51.564277267864185	53.948476828650264	62.44601512675169	46.122992395473815	45.11424254368677	45.377709129686835	50.07475542009839	55.40277839245673	
121.61006289308176	130.32509798380198	117.28586685653258	135.71194001842437	132.6983060653788	135.04764734596856	141.53170032807762	147.98320802546374	146.85901985740918	147.5610964403111	135.3635706316111	148.0488480373533	149.5305851574603	140.4755088762896	144.85104615317343	149.3303683737646	148.65037735849057	150.64303210857332	149.15763846622033	147.3733562035449	120.90026954177898	121.37987421383647	114.1185141509434	115.18539786710419	113.5512715340443	125.28987993138936	123.5377358490566	119.71069182389937	120.50267877940834	120.13596004439512	124.03685827117157	125.73426317501627	132.2156334231806	126.78915843066787	127.32479784366576	135.51886002999922	132.50731707317073	132.1069182389937	134.53766271756618	146.8166295311657	145.5678835522384	
149.6005589999713	65.0695574395867	135.71194001842437	37.16747092854527	54.44485245416822	41.185807053559984	59.35049980828908	61.015201558948085	60.68346709464724	55.16658013780225	38.35530022593524	52.509356041191786	52.65461070028669	42.608430059059856	46.990813434149345	51.827250710410745	52.97493557866184	53.680858924738004	52.19549160007	52.08755616746123	148.27185589425645	134.85788125376732	141.68086361324592	114.5507459312839	88.04692782451451	80.58592033685532	52.292420132610005	82.61995177817963	69.77031846493871	77.97356664184662	56.14900227091131	64.85765339527343	50.97447365021958	71.65362811791383	56.85546370446913	37.846974991866354	66.80275823666916	51.718674653405664	54.74438317422936	59.94232850168505	53.77719442063656	
145.31421540791217	67.1886069140939	132.6983060653788	54.44485245416822	47.054621860933516	50.225628206184616	64.21530820004475	60.59753061361806	61.07067619412324	54.92670866802405	49.16959291419811	50.938854791841095	49.931611439440154	44.89968194291757	46.93994050309822	49.484813823314674	50.16277683134582	50.335851838568594	49.252569104797495	49.47916989313923	144.6742922041048	131.99375354911982	138.59279173764907	108.9151173987112	85.97155766239538	87.4625987300604	49.022998296422486	77.59752981260647	66.71030769554336	73.41537228179176	52.331563725684404	63.79146595782177	45.208079824774885	73.28779643600768	49.16330007301047	53.154494165781614	69.20495699505547	52.7870528109029	54.49428839322267	60.36794935182448	54.46177126515882	
146.8713196564715	52.92391104344121	135.04764734596856	41.185807053559984	50.225628206184616	32.723679998380405	41.47802604094884	42.445621386622605	42.2361800605511	37.61691903961633	33.11567359828287	35.640334136819206	36.70229505919315	30.511733447112213	32.686383205575545	36.18926562751085	37.53772215973003	38.11910945342358	37.16370332740666	36.12724545795412	145.1676040494938	134.78800149981254	140.8431524184477	105.72191519538319	85.9643223944833	76.86129832944435	51.182508436445445	65.01181102362204	66.06167979002625	63.00544233441408	58.188871739869725	62.674565329118344	40.230194439980714	56.40615458781938	45.092827682254004	39.24691122553195	49.563125188619715	34.54593175853018	37.926395828428426	41.57728298691125	38.681226787159815	
154.07781038558736	45.60005173613933	141.53170032807762	59.35049980828908	64.21530820004475	41.47802604094884	16.24543067518082	18.51710051165317	18.237048323666794	23.36311229416389	46.2333317821194	30.141936296652368	37.58826586841333	40.67253848183339	38.800833822875546	38.65105160185865	40.8730667644901	40.90732088229868	41.214032139729724	37.648158029302564	151.85728260489816	139.694497432135	149.10938646368305	107.46404988994864	94.9490733356726	78.596629942458	67.45726338958181	54.5612313524089	74.90461762814417	59.9542963186742	73.94642461055469	72.68848824853897	52.063934598050515	44.93578008361574	50.44100024455857	55.695156282136686	30.55572982839146	29.372095866960137	32.0169513214694	18.591390018096646	31.547816330317882	
161.99681799833078	50.92153082615092	147.98320802546374	61.015201558948085	60.59753061361806	42.445621386622605	18.51710051165317	10.812898748305908	12.165866723742944	15.296562296061293	46.78571009846968	21.288955208552014	27.580723022423125	37.55037246922139	32.68910915650136	28.9864046820789	30.640661951099844	30.255770651586033	31.112143529790373	27.694308362883064	159.65785661717464	144.4910513260828	157.31762485689754	112.20680172220702	101.6809597286564	87.72652764834167	60.50025894731104	56.845844577098156	78.1593681887519	63.85215952437071	68.78418152048029	76.06135509219182	44.73263787484083	53.363134339788196	51.59482241665985	57.07775702758824	37.919332494330746	29.576852836154497	35.16474278639985	12.414536161349526	25.15392631441987	
160.56267533503305	50.08236152262129	146.85901985740918	60.68346709464724	61.07067619412324	42.2361800605511	18.237048323666794	12.165866723742944	13.228624211351137	16.549183566279275	46.61790112043925	22.480958895564253	28.950516015488624	37.84081486268198	33.351004354833876	30.26610757098562	32.041595620010256	31.759059230389997	32.492089650626234	29.072447170008147	158.28949681388707	143.6425498669401	155.91923707243828	111.24141532837184	100.50029297590274	86.27590248987144	61.48791474401231	56.3891788129593	77.52823057926942	63.130627399278765	69.53798381478472	75.44780332792843	45.70934174592711	52.01156557254118	51.378805634903195	56.79451638596449	36.82261514935519	29.57179740716326	34.69011779788865	13.488782474350117	26.071336287807902	
161.3750746786582	52.105462222735106	147.5610964403111	55.16658013780225	54.92670866802405	37.61691903961633	23.36311229416389	15.296562296061293	16.549183566279275	13.050786492888323	40.87574524295489	14.51437047903732	19.259188109773987	28.693601684299033	23.879253891635813	20.43740908879516	21.963271730147998	21.647381205624683	22.326797385620914	19.25720126666712	159.09609309879764	144.15434352540504	156.83451891292916	111.55631334659468	101.09991409523997	88.29830358412325	53.83279493151028	56.786285778679286	76.49340793978061	63.48837317212213	63.48107789850325	74.07066151536583	36.854513452890735	55.418609504252956	50.47671277962015	51.42789126808324	41.817043670098634	27.580422207197056	34.85127239288599	16.066213834124078	21.685011074252678	
147.73417024556767	56.194285460548926	135.3635706316111	38.35530022593524	49.16959291419811	33.11567359828287	46.2333317821194	46.78571009846968	46.61790112043925	40.87574524295489	32.00716926147221	37.68284784254582	37.47900928139245	30.024793280833745	32.72973941364337	36.752314880362455	37.77613148331682	38.41013104283669	37.23134797574517	36.97092831185993	145.88033098934983	134.93723158242483	141.30003923026098	107.17060944255326	86.04556096580055	78.74776324375388	48.62250853430239	69.23929082700143	65.97202135512894	66.43283973648924	55.73538156590684	62.67326105282344	38.66062579640379	61.096365514601395	46.968379819717775	37.03098978095329	54.805060149709526	38.33696729435084	42.66952466560644	45.878517553865244	40.76923783257097	
161.95627150550078	55.41280124837039	148.0488480373533	52.509356041191786	50.938854791841095	35.640334136819206	30.141936296652368	21.288955208552014	22.480958895564253	14.51437047903732	37.68284784254582	9.903421813704878	11.051300051599434	21.374976655541136	15.471605833038188	11.887840974467832	13.077957228162756	12.7555466224233	13.25296665785666	10.80902484082598	159.67712156380398	144.4513632365875	157.55846844188306	111.46697016718693	101.47594838881074	90.98160264701528	50.225848261815486	56.97885710318011	76.39096593237223	63.83963828553224	60.94287292139658	73.84110773647338	30.43902632570873	60.180874349462044	50.273063926306534	48.882327535866416	47.956665232809804	28.134472064065175	36.69343405147218	21.663284261444357	20.06910023374367	
164.00185981050038	60.17993537312556	149.5305851574603	52.65461070028669	49.931611439440154	36.70229505919315	37.58826586841333	27.580723022423125	28.950516015488624	19.259188109773987	37.47900928139245	11.051300051599434	6.736182378104215	18.314673696854356	10.861707383621257	6.849109768313569	6.697349016059715	6.276667050269117	6.787823510955776	6.23670086981555	161.6559386477957	145.50490839176658	159.44481593530875	113.61352438460706	103.32527561145915	95.06046648135028	50.3093945562844	60.11141898514665	77.80029935688535	66.56379977912903	61.17335339263452	75.36308293489536	28.269363750929006	66.43755093834261	51.53488760353723	49.16390747279767	55.20765856968681	32.242554474854856	40.941694765469244	28.052797569735187	21.784526994362768	
153.02306669794353	56.31084384605377	140.4755088762896	42.608430059059856	44.89968194291757	30.511733447112213	40.67253848183339	37.55037246922139	37.84081486268198	28.693601684299033	30.024793280833745	21.374976655541136	18.314673696854356	14.521633623722973	14.235385783353978	17.31916490734225	17.894137931034482	18.424140811799614	17.253297314476402	17.665024630541872	150.6654937837204	139.03382594417076	147.47967980295567	107.37459841507818	91.87706146926537	86.21125269714611	45.04597701149425	62.24220032840722	69.07522958097671	64.14227760069545	54.55928514148241	66.45981612026499	26.153413089373682	62.38955352255845	44.76284306826179	39.83587299297154	53.460627177700346	31.352216748768473	39.59155306067896	36.88091550068848	28.74842419308304	
158.177490849565	58.47911215288356	144.85104615317343	46.990813434149345	46.93994050309822	32.686383205575545	38.800833822875546	32.68910915650136	33.351004354833876	23.879253891635813	32.72973941364337	15.471605833038188	10.861707383621257	14.235385783353978	9.191306297657395	9.842321911383324	10.006025492468135	10.36562379297026	9.140432848652488	10.064257874223111	155.5667935772223	142.07910390112013	153.39220017381228	109.76522746737871	96.44400221673637	91.61081370962336	47.12707609115488	61.21639629200463	73.6964364905655	64.8595869402222	57.43240184321863	71.10690704039637	26.81360701870551	65.29752248523975	47.1609281024113	43.80211532214664	54.95822287539214	31.13441483198146	40.05281737583874	32.449639779457556	24.513902633584134	
163.34686318972032	60.46935825966177	149.3303683737646	51.827250710410745	49.484813823314674	36.18926562751085	38.65105160185865	28.9864046820789	30.26610757098562	20.43740908879516	36.752314880362455	11.887840974467832	6.849109768313569	17.31916490734225	9.842321911383324	6.213877551020408	6.406809523809524	6.035861876914509	6.3341013824884795	6.234487734487734	161.50272108843538	145.41079365079366	159.16294642857142	113.27204968944099	102.57660455486543	95.12491145218418	50.292857142857144	60.71071428571429	76.90799529688418	66.37703081232493	60.830454042081946	74.79952791461412	27.91360544217687	67.11020408163266	50.82800453514739	48.38886431560072	56.24132404181184	32.532539682539685	41.2141011443337	29.36263734656874	22.369107928989106	
163.98666666666668	62.322195506503746	148.65037735849057	52.97493557866184	50.16277683134582	37.53772215973003	40.8730667644901	30.640661951099844	32.041595620010256	21.963271730147998	37.77613148331682	13.077957228162756	6.697349016059715	17.894137931034482	10.006025492468135	6.406809523809524	4.1966	4.727567251461989	5.126451612903225	6.115757575757576	161.22095238095238	144.55666666666667	158.4890625	116.39347826086957	103.16956521739131	96.56371900826446	51.096666666666664	62.299166666666665	78.56987654320987	68.64529411764705	61.57395348837209	76.15933189655172	28.47142857142857	69.72777777777777	52.423809523809524	49.555541841004185	58.19382926829268	33.96666666666667	43.079302325581395	31.121714335848395	23.468607041066196	
165.20271047990346	62.618358931094654	150.64303210857332	53.680858924738004	50.335851838568594	38.11910945342358	40.90732088229868	30.255770651586033	31.759059230389997	21.647381205624683	38.41013104283669	12.7555466224233	6.276667050269117	18.424140811799614	10.36562379297026	6.035861876914509	4.727567251461989	4.113167128347183	5.168345595170723	6.051213893319156	162.88688387635756	146.32810916179338	160.7951754385965	115.33241800152555	104.93516399694889	96.92566816490262	51.17153996101364	62.00409356725146	79.09222438813082	68.64017887856897	61.98498572011424	76.52298346440814	28.44143692564745	69.6975587115938	52.64372041214146	50.24913993491399	58.4727000427899	34.32943469785575	43.29670429303232	30.84000291422831	23.325573779497116	
163.9636456733231	62.0566582323547	149.15763846622033	52.19549160007	49.252569104797495	37.16370332740666	41.214032139729724	31.112143529790373	32.492089650626234	22.326797385620914	37.23134797574517	13.25296665785666	6.787823510955776	17.253297314476402	9.140432848652488	6.3341013824884795	5.126451612903225	5.168345595170723	1.5400624349635796	6.921798631476051	162.0552995391705	144.6752688172043	159.4445564516129	116.44460028050491	101.16269284712483	96.92375366568915	49.97849462365591	63.79838709677419	78.05734767025089	68.52846299810247	61.38709677419355	75.48234149054505	26.783410138248847	69.94572452636969	52.244239631336406	48.84353488999865	57.923682140047205	33.865591397849464	42.32708177044261	31.564046323916475	23.585303033638464	
161.32082732082733	59.902055637175856	147.3733562035449	52.08755616746123	49.47916989313923	36.12724545795412	37.648158029302564	27.694308362883064	29.072447170008147	19.25720126666712	36.97092831185993	10.80902484082598	6.23670086981555	17.665024630541872	10.064257874223111	6.234487734487734	6.115757575757576	6.051213893319156	6.921798631476051	3.9375573921028466	159.04761904761904	144.20606060606062	156.66382575757575	110.74967061923584	102.27667984189723	94.5214124718257	49.55555555555556	59.765151515151516	76.73475495697718	66.38235294117646	60.952783650458066	74.70049634273772	28.471861471861473	66.27561327561328	50.67099567099567	48.63607835678965	55.239837398373986	31.58080808080808	40.7733145407564	28.15638176819963	21.558465713698343	
112.21541950113378	136.8997128216679	120.90026954177898	148.27185589425645	144.6742922041048	145.1676040494938	151.85728260489816	159.65785661717464	158.28949681388707	159.09609309879764	145.88033098934983	159.67712156380398	161.6559386477957	150.6654937837204	155.5667935772223	161.50272108843538	161.22095238095238	162.88688387635756	162.0552995391705	159.04761904761904	109.46938775510205	132.11428571428573	109.90029761904762	111.6935817805383	115.14285714285714	126.02872884691067	132.4126984126984	128.36111111111111	126.3556731334509	125.72268907563026	135.76633444075304	133.42508210180625	142.79591836734693	129.44595616024188	134.10657596371883	147.51022115959356	138.63507549361208	140.63492063492063	143.4359542266519	158.2271827137593	156.9246574949678	
132.96719576719576	131.84178163184865	121.37987421383647	134.85788125376732	131.99375354911982	134.78800149981254	139.694497432135	144.4910513260828	143.6425498669401	144.15434352540504	134.93723158242483	144.4513632365875	145.50490839176658	139.03382594417076	142.07910390112013	145.41079365079366	144.55666666666667	146.32810916179338	144.6752688172043	144.20606060606062	132.11428571428573	118.72	124.16458333333334	122.2	120.3391304347826	130.80165289256198	124.33333333333333	119.82777777777778	124.2	122.2392156862745	123.92713178294574	128.10316091954024	130.86666666666667	130.17671957671956	129.1015873015873	134.78824267782426	133.40357723577236	131.86666666666667	134.68733850129198	143.60948704451073	142.6204675310773	
110.58928571428571	133.6521358888451	114.1185141509434	141.68086361324592	138.59279173764907	140.8431524184477	149.10938646368305	157.31762485689754	155.91923707243828	156.83451891292916	141.30003923026098	157.55846844188306	159.44481593530875	147.47967980295567	153.39220017381228	159.16294642857142	158.4890625	160.7951754385965	159.4445564516129	156.66382575757575	109.90029761904762	124.16458333333334	104.0	111.31929347826087	110.23777173913044	122.7603305785124	128.24479166666666	124.54427083333333	121.01504629629629	122.71599264705883	128.9331395348837	127.88880657327586	139.37946428571428	127.54563492063492	130.9985119047619	141.46121208158996	136.57576219512194	137.69270833333334	140.05838178294573	155.86483648447097	154.2671799104813	
113.0351966873706	99.84027694469675	115.18539786710419	114.5507459312839	108.9151173987112	105.72191519538319	107.46404988994864	112.20680172220702	111.24141532837184	111.55631334659468	107.17060944255326	111.46697016718693	113.61352438460706	107.37459841507818	109.76522746737871	113.27204968944099	116.39347826086957	115.33241800152555	116.44460028050491	110.74967061923584	111.6935817805383	122.2	111.31929347826087	74.07561436672968	92.1531190926276	100.98778296802013	96.73913043478261	82.40579710144928	94.80568974771873	86.46035805626599	100.50556117290192	102.97582458770614	100.85093167701864	94.88888888888889	96.89855072463769	112.37588684737129	99.19597030752917	95.33333333333333	101.91742500842602	111.2126307437613	111.1683837941332	
115.3015873015873	83.76673921612311	113.5512715340443	88.04692782451451	85.97155766239538	85.9643223944833	94.9490733356726	101.6809597286564	100.50029297590274	101.09991409523997	86.04556096580055	101.47594838881074	103.32527561145915	91.87706146926537	96.44400221673637	102.57660455486543	103.16956521739131	104.93516399694889	101.16269284712483	102.27667984189723	115.14285714285714	120.3391304347826	110.23777173913044	92.1531190926276	66.4234404536862	82.43478260869566	78.78985507246377	84.54710144927536	73.69028448738594	77.85549872122762	79.93528816986856	79.6075712143928	83.19875776397515	81.04899930986888	77.05175983436853	87.4406494451519	85.57497348886533	86.08695652173913	85.30131445904955	100.40706416838957	98.95415156217003	
127.66299357208447	74.18949628148037	125.28987993138936	80.58592033685532	87.4625987300604	76.86129832944435	78.596629942458	87.72652764834167	86.27590248987144	88.29830358412325	78.74776324375388	90.98160264701528	95.06046648135028	86.21125269714611	91.61081370962336	95.12491145218418	96.56371900826446	96.92566816490262	96.92375366568915	94.5214124718257	126.02872884691067	130.80165289256198	122.7603305785124	100.98778296802013	82.43478260869566	73.29758896250256	87.22589531680441	81.13567493112947	78.05397408427712	76.67671366067088	87.3451854699212	79.38087774294671	87.543093270366	67.43132624950806	74.63715072805982	79.79285417891352	70.01818181818182	75.2107438016529	72.18098532897687	86.24624698547954	88.36002847824204	
134.32010582010582	69.34804887662594	123.5377358490566	52.292420132610005	49.022998296422486	51.182508436445445	67.45726338958181	60.50025894731104	61.48791474401231	53.83279493151028	48.62250853430239	50.225848261815486	50.3093945562844	45.04597701149425	47.12707609115488	50.292857142857144	51.096666666666664	51.17153996101364	49.97849462365591	49.55555555555556	132.4126984126984	124.33333333333333	128.24479166666666	96.73913043478261	78.78985507246377	87.22589531680441	29.77777777777778	69.80555555555556	62.882716049382715	68.11274509803921	42.25581395348837	65.034841954023	38.142857142857146	75.89682539682539	55.023809523809526	51.70292887029289	72.89065040650407	53.833333333333336	62.27906976744186	60.633122770076625	54.3206481741667	
129.66402116402116	62.303508080409934	119.71069182389937	82.61995177817963	77.59752981260647	65.01181102362204	54.5612313524089	56.845844577098156	56.3891788129593	56.786285778679286	69.23929082700143	56.97885710318011	60.11141898514665	62.24220032840722	61.21639629200463	60.71071428571429	62.299166666666665	62.00409356725146	63.79838709677419	59.765151515151516	128.36111111111111	119.82777777777778	124.54427083333333	82.40579710144928	84.54710144927536	81.13567493112947	69.80555555555556	30.069444444444443	73.53189300411523	47.89705882352941	80.12209302325581	78.9069683908046	58.833333333333336	60.07142857142857	59.81944444444444	78.76825313807531	54.24268292682927	48.791666666666664	53.93927648578811	56.35430192431421	59.935356535934595	
126.51205173427395	69.86282038180606	120.50267877940834	69.77031846493871	66.71030769554336	66.06167979002625	74.90461762814417	78.1593681887519	77.52823057926942	76.49340793978061	65.97202135512894	76.39096593237223	77.80029935688535	69.07522958097671	73.6964364905655	76.90799529688418	78.56987654320987	79.09222438813082	78.05734767025089	76.73475495697718	126.3556731334509	124.2	121.01504629629629	94.80568974771873	73.69028448738594	78.05397408427712	62.882716049382715	73.53189300411523	61.51684194482549	67.86456063907045	63.53775480907264	67.8705300127714	63.30864197530864	69.14971585341955	59.51469723691946	68.6732450023245	70.75880758807588	63.07201646090535	66.71700641209685	77.30915646886285	75.65447957692348	
127.17133520074697	61.57490319738459	120.13596004439512	77.97356664184662	73.41537228179176	63.00544233441408	59.9542963186742	63.85215952437071	63.130627399278765	63.48837317212213	66.43283973648924	63.83963828553224	66.56379977912903	64.14227760069545	64.8595869402222	66.37703081232493	68.64529411764705	68.64017887856897	68.52846299810247	66.38235294117646	125.72268907563026	122.2392156862745	122.71599264705883	86.46035805626599	77.85549872122762	76.67671366067088	68.11274509803921	47.89705882352941	67.86456063907045	46.93944636678201	75.97948016415869	73.52605223123732	59.205882352941174	56.95238095238095	56.166666666666664	74.59716957912872	55.75588235294118	49.90196078431372	53.98449612403101	63.04410990576262	65.02066297194483	
135.73089700996678	73.5529878725101	124.03685827117157	56.14900227091131	52.331563725684404	58.188871739869725	73.94642461055469	68.78418152048029	69.53798381478472	63.48107789850325	55.73538156590684	60.94287292139658	61.17335339263452	54.55928514148241	57.43240184321863	60.830454042081946	61.57395348837209	61.98498572011424	61.38709677419355	60.952783650458066	135.76633444075304	123.92713178294574	128.9331395348837	100.50556117290192	79.93528816986856	87.3451854699212	42.25581395348837	80.12209302325581	63.53775480907264	75.97948016415869	41.71011357490536	65.96286086607859	48.30232558139535	79.91509782207457	59.160575858250276	56.20533229541695	78.18990357345434	60.07751937984496	67.98738056607175	68.81246403897869	63.331293824620296	
134.044061302682	69.78695479319859	125.73426317501627	64.85765339527343	63.79146595782177	62.674565329118344	72.68848824853897	76.06135509219182	75.44780332792843	74.07066151536583	62.67326105282344	73.84110773647338	75.36308293489536	66.45981612026499	71.10690704039637	74.79952791461412	76.15933189655172	76.52298346440814	75.48234149054505	74.70049634273772	133.42508210180625	128.10316091954024	127.88880657327586	102.97582458770614	79.6075712143928	79.38087774294671	65.034841954023	78.9069683908046	67.8705300127714	73.52605223123732	65.96286086607859	66.93790873959571	65.88669950738917	71.05213464696223	58.052545155993435	64.15398706896552	70.6440180824222	64.07076149425288	63.01304798182304	75.1522967391436	73.20233522720194	
145.8049886621315	61.388873247367535	132.2156334231806	50.97447365021958	45.208079824774885	40.230194439980714	52.063934598050515	44.73263787484083	45.70934174592711	36.854513452890735	38.66062579640379	30.43902632570873	28.269363750929006	26.153413089373682	26.81360701870551	27.91360544217687	28.47142857142857	28.44143692564745	26.783410138248847	28.471861471861473	142.79591836734693	130.86666666666667	139.37946428571428	100.85093167701864	83.19875776397515	87.543093270366	38.142857142857146	58.833333333333336	63.30864197530864	59.205882352941174	48.30232558139535	65.88669950738917	16.775510204081634	66.74149659863946	47.445578231292515	48.15397489539749	61.27317073170732	37.95238095238095	48.97674418604651	44.8163963602637	37.49811041593788	
131.89846308893928	51.564277267864185	126.78915843066787	71.65362811791383	73.28779643600768	56.40615458781938	44.93578008361574	53.363134339788196	52.01156557254118	55.418609504252956	61.096365514601395	60.180874349462044	66.43755093834261	62.38955352255845	65.29752248523975	67.11020408163266	69.72777777777777	69.6975587115938	69.94572452636969	66.27561327561328	129.44595616024188	130.17671957671956	127.54563492063492	94.88888888888889	81.04899930986888	67.43132624950806	75.89682539682539	60.07142857142857	69.14971585341955	56.95238095238095	79.91509782207457	71.05213464696223	66.74149659863946	39.601410934744266	55.60695389266818	68.43185561532842	38.309407665505226	45.24338624338624	44.28829826504245	52.08552321905542	59.39171577801099	
135.40362811791383	53.948476828650264	127.32479784366576	56.85546370446913	49.16330007301047	45.092827682254004	50.44100024455857	51.59482241665985	51.378805634903195	50.47671277962015	46.968379819717775	50.273063926306534	51.53488760353723	44.76284306826179	47.1609281024113	50.82800453514739	52.423809523809524	52.64372041214146	52.244239631336406	50.67099567099567	134.10657596371883	129.1015873015873	130.9985119047619	96.89855072463769	77.05175983436853	74.63715072805982	55.023809523809526	59.81944444444444	59.51469723691946	56.166666666666664	59.160575858250276	58.052545155993435	47.445578231292515	55.60695389266818	33.66780045351474	53.95932456664674	52.11800232288037	42.45238095238095	40.35843484680694	51.17110771313263	51.11455161326704	
148.92631666334594	62.44601512675169	135.51886002999922	37.846974991866354	53.154494165781614	39.24691122553195	55.695156282136686	57.07775702758824	56.79451638596449	51.42789126808324	37.03098978095329	48.882327535866416	49.16390747279767	39.83587299297154	43.80211532214664	48.38886431560072	49.555541841004185	50.24913993491399	48.84353488999865	48.63607835678965	147.51022115959356	134.78824267782426	141.46121208158996	112.37588684737129	87.4406494451519	79.79285417891352	51.70292887029289	78.76825313807531	68.6732450023245	74.59716957912872	56.20533229541695	64.15398706896552	48.15397489539749	68.43185561532842	53.95932456664674	37.946776667075156	63.215334728033476	47.948570432357045	51.133970678862184	56.06837029508957	50.51618117821621	
141.04591560201317	46.122992395473815	132.50731707317073	66.80275823666916	69.20495699505547	49.563125188619715	30.55572982839146	37.919332494330746	36.82261514935519	41.817043670098634	54.805060149709526	47.956665232809804	55.20765856968681	53.460627177700346	54.95822287539214	56.24132404181184	58.19382926829268	58.4727000427899	57.923682140047205	55.239837398373986	138.63507549361208	133.40357723577236	136.57576219512194	99.19597030752917	85.57497348886533	70.01818181818182	72.89065040650407	54.24268292682927	70.75880758807588	55.75588235294118	78.18990357345434	70.6440180824222	61.27317073170732	38.309407665505226	52.11800232288037	63.215334728033476	29.856121356335514	35.71504065040651	36.05570051049348	37.082269140071645	47.6029633299424	
141.33333333333334	45.11424254368677	132.1069182389937	51.718674653405664	52.7870528109029	34.54593175853018	29.372095866960137	29.576852836154497	29.57179740716326	27.580422207197056	38.33696729435084	28.134472064065175	32.242554474854856	31.352216748768473	31.13441483198146	32.532539682539685	33.96666666666667	34.32943469785575	33.865591397849464	31.58080808080808	140.63492063492063	131.86666666666667	137.69270833333334	95.33333333333333	86.08695652173913	75.2107438016529	53.833333333333336	48.791666666666664	63.07201646090535	49.90196078431372	60.07751937984496	64.07076149425288	37.95238095238095	45.24338624338624	42.45238095238095	47.948570432357045	35.71504065040651	14.444444444444445	28.347545219638242	29.1184710767971	31.975131468026174	
144.6660514334933	45.377709129686835	134.53766271756618	54.74438317422936	54.49428839322267	37.926395828428426	32.0169513214694	35.16474278639985	34.69011779788865	34.85127239288599	42.66952466560644	36.69343405147218	40.941694765469244	39.59155306067896	40.05281737583874	41.2141011443337	43.079302325581395	43.29670429303232	42.32708177044261	40.7733145407564	143.4359542266519	134.68733850129198	140.05838178294573	101.91742500842602	85.30131445904955	72.18098532897687	62.27906976744186	53.93927648578811	66.71700641209685	53.98449612403101	67.98738056607175	63.01304798182304	48.97674418604651	44.28829826504245	40.35843484680694	51.133970678862184	36.05570051049348	28.347545219638242	25.343308695390903	34.452254305460905	38.710364556736714	
160.51404172828984	50.07475542009839	146.8166295311657	59.94232850168505	60.36794935182448	41.57728298691125	18.591390018096646	12.414536161349526	13.488782474350117	16.066213834124078	45.878517553865244	21.663284261444357	28.052797569735187	36.88091550068848	32.449639779457556	29.36263734656874	31.121714335848395	30.84000291422831	31.564046323916475	28.15638176819963	158.2271827137593	143.60948704451073	155.86483648447097	111.2126307437613	100.40706416838957	86.24624698547954	60.633122770076625	56.35430192431421	77.30915646886285	63.04410990576262	68.81246403897869	75.1522967391436	44.8163963602637	52.08552321905542	51.17110771313263	56.06837029508957	37.082269140071645	29.1184710767971	34.452254305460905	13.654999814339293	25.578027620406203	
159.11015915070348	55.40277839245673	145.5678835522384	53.77719442063656	54.46177126515882	38.681226787159815	31.547816330317882	25.15392631441987	26.071336287807902	21.685011074252678	40.76923783257097	20.06910023374367	21.784526994362768	28.74842419308304	24.513902633584134	22.369107928989106	23.468607041066196	23.325573779497116	23.585303033638464	21.558465713698343	156.9246574949678	142.6204675310773	154.2671799104813	111.1683837941332	98.95415156217003	88.36002847824204	54.3206481741667	59.935356535934595	75.65447957692348	65.02066297194483	63.331293824620296	73.20233522720194	37.49811041593788	59.39171577801099	51.11455161326704	50.51618117821621	47.6029633299424	31.975131468026174	38.710364556736714	25.578027620406203	27.012506411951833	
