74.33124012132086	82.22638146167557	70.54713211449454	75.12	73.20023019690056	78.39062234666925	77.67503515186756	91.23937222107087	67.19563944980978	72.01676881013658	77.76033020912946	76.37150657166328	70.27853192559076	74.83210784313725	79.65292363542072	80.89627163234266	77.69756387403446	80.70772582537289	79.01278772378517	80.46669447921012	79.74628639334522	81.3805932629462	83.16088486676722	71.15065359477124	71.84435892737157	71.61157796451914	77.66391692684152	85.99209249504275	
82.22638146167557	45.388429752066116	68.48121770702416	53.88779220779221	58.94358681151134	70.67755854992723	70.52120222074984	111.51026506499038	73.47693351424695	74.64263026869259	73.80326170296537	73.49875807252856	79.18181818181819	82.12642045454545	81.58438527633393	89.90882408995617	84.37190082644628	86.47878787878788	85.42292490118577	85.12765957446808	84.06611570247934	111.23776223776224	110.02797202797203	76.75	73.62786745964316	74.22077922077922	70.76126395211625	95.60985791775711	
70.54713211449454	68.48121770702416	45.2809172229419	56.766504279131006	45.19754159863716	58.30276443178533	56.75604836296856	73.8424616372397	53.98093633216406	46.16112496355574	55.90337426911028	52.61579180411809	52.01796053408957	52.611007104454686	57.76029338223037	59.774969648371965	55.715053763440864	59.371373429437945	57.83176384158151	59.18688106677125	58.494065074710235	94.0140612076096	89.96845090393478	69.67780337941629	63.69934105689306	64.24731182795699	56.70123377638182	67.32225615542293	
75.12	53.88779220779221	56.766504279131006	39.64166530612245	38.493375262054506	42.53950746389965	43.75275787168348	85.086360071459	60.318251599147125	55.38629974369351	46.603143703800185	48.69303083528494	59.40879120879121	57.23642857142857	55.43615269211535	62.89754776879305	56.33402597402598	59.96577289377289	58.11031055900621	58.73689969604863	57.39515151515152	100.44967032967033	96.28527472527473	76.30457142857144	68.86696929238985	57.587755102040816	43.91905720667188	69.0100971923783	
73.20023019690056	58.94358681151134	45.19754159863716	38.493375262054506	23.63949650374238	30.418112393077415	30.55552947523766	65.07373486792225	52.00570261898057	36.94567775857529	29.012044352501363	30.045175046682935	44.98137397194001	39.02104625262054	36.09584406625423	43.002408484193225	37.14794168096055	40.04707305273343	38.30439340078389	38.81595967705964	37.87910552061496	98.53894533139817	91.62997903563941	78.65366876310273	67.44583553753013	51.82135369871219	30.544681273247125	51.49015286921885	
78.39062234666925	70.67755854992723	58.30276443178533	42.53950746389965	30.418112393077415	15.185861486149708	18.796334279662766	60.82608811241622	53.86895727803506	45.69503306437359	19.310313396419634	26.538919640257106	46.64983338300236	38.50730007653545	28.91664834966647	37.05894199470231	31.999078865378884	33.135742732518764	32.046401273097565	31.533991769737096	30.74116938122248	99.4456395112568	92.45265638969413	86.6216534366449	74.54988166787653	51.06312094342763	18.787377063575697	44.208789783672884	
77.67503515186756	70.52120222074984	56.75604836296856	43.75275787168348	30.55552947523766	18.796334279662766	21.3397214874352	58.629152064950226	53.103480305184306	42.81691738686651	19.640376350698702	25.48798637562023	43.769726158485895	36.06270714218397	27.770128794608098	35.45284224094736	30.371060282391646	31.819395898982478	30.64697132773146	30.341796425916915	29.53575018848957	98.8645726603128	92.1331992963056	85.39204731088213	73.62748236653647	51.77598014576527	21.274821108492198	43.734077889562364	
91.23937222107087	111.51026506499038	73.8424616372397	85.086360071459	65.07373486792225	60.82608811241622	58.629152064950226	22.204511674082966	66.33570936983364	44.38904637974364	46.60550041190318	43.02171690301515	37.116333161592365	32.114234484494176	34.0971483619513	26.40069552750297	31.89820286570064	29.53011850126721	30.706845355826868	30.99208954473901	31.69306640292741	99.92043231073004	94.42335835986384	99.21804754345891	89.86258364230889	78.75837790302153	58.17066149788333	35.525687591182084	
67.19563944980978	73.47693351424695	53.98093633216406	60.318251599147125	52.00570261898057	53.86895727803506	53.103480305184306	66.33570936983364	43.49030964580085	47.926430172085745	49.40268653314236	48.11972157654351	42.70378874856487	46.208255597014926	49.966596422786886	51.48491191839545	49.24118046132971	51.16241867585151	49.883679428942244	50.93553509050492	49.79941203075531	84.853616532721	82.67049368541906	65.51865671641791	61.97175338261961	59.96908315565032	52.900833691253055	60.80449406518558	
72.01676881013658	74.64263026869259	46.16112496355574	55.38629974369351	36.94567775857529	45.69503306437359	42.81691738686651	44.38904637974364	47.926430172085745	24.938851393826557	33.78779263051427	29.013957581902712	27.032541584949517	24.041415840415485	29.478940855896504	29.274052298062134	26.97501931496266	29.5873610808455	28.196021677546497	29.823659413738373	29.348098549231693	94.72710103871577	88.92736253359483	74.14537299338998	65.91639970700626	62.157561041413736	42.503445304388684	43.12249244001275	
77.76033020912946	73.80326170296537	55.90337426911028	46.603143703800185	29.012044352501363	19.310313396419634	19.640376350698702	46.60550041190318	49.40268653314236	33.78779263051427	9.423600272870365	14.014025659206723	32.330846381792355	23.975759345794394	14.465053213602616	22.500346363541222	17.46700996746586	18.615053216671633	17.531241018424	17.08752164276465	16.221708767639928	97.73336431063808	91.33832477073872	86.27441303852291	74.14773470470315	50.51226024943828	19.322436724341983	35.09651111519871	
76.37150657166328	73.49875807252856	52.61579180411809	48.69303083528494	30.045175046682935	26.538919640257106	25.48798637562023	43.02171690301515	48.11972157654351	29.013957581902712	14.014025659206723	13.800772268506076	27.57894598570828	19.258394168374316	12.627658514579387	19.37756612938333	14.405101217088921	16.05200364298725	14.737964777856973	14.82401028950122	13.943067974830269	97.12297709121479	90.82752732240438	83.2524931693989	72.28145268372401	51.548106947697114	25.141336110060124	34.92621700005679	
70.27853192559076	79.18181818181819	52.01796053408957	59.40879120879121	44.98137397194001	46.64983338300236	43.769726158485895	37.116333161592365	42.70378874856487	27.032541584949517	32.330846381792355	27.57894598570828	14.414201183431953	18.098557692307693	23.517458037878107	22.53884857281084	21.405594405594407	23.31992110453649	22.264214046822744	23.306055646481177	22.883449883449885	92.24852071005917	86.72781065088758	71.82307692307693	64.53989935298347	59.15384615384615	43.38934137432179	38.65865432505536	
74.83210784313725	82.12642045454545	52.611007104454686	57.23642857142857	39.02104625262054	38.50730007653545	36.06270714218397	32.114234484494176	46.208255597014926	24.041415840415485	23.975759345794394	19.258394168374316	18.098557692307693	8.23291015625	12.643669778296383	11.237493448637316	9.621448863636363	11.431330128205127	10.535665760869565	11.787566489361701	11.546875	94.546875	89.61177884615384	78.4234375	70.3828855140187	56.308035714285715	35.69092310555789	32.112750896503634	
79.65292363542072	81.58438527633393	57.76029338223037	55.43615269211535	36.09584406625423	28.91664834966647	27.770128794608098	34.0971483619513	49.966596422786886	29.478940855896504	14.465053213602616	12.627658514579387	23.517458037878107	12.643669778296383	3.272325239737545	9.387092607677799	4.79691312188395	5.439242437842204	4.685074323981533	4.054420417587329	3.4049008168028005	97.94049008168028	91.77856565837897	87.25046674445741	76.60566636495491	51.884147357892985	27.336931391261615	29.73572177802564	
80.89627163234266	89.90882408995617	59.774969648371965	62.89754776879305	43.002408484193225	37.05894199470231	35.45284224094736	26.40069552750297	51.48491191839545	29.274052298062134	22.500346363541222	19.37756612938333	22.53884857281084	11.237493448637316	9.387092607677799	4.689964619894607	6.963541071088241	4.646218351878729	5.673448181569593	6.122476470850618	6.775262054507338	97.16219964521851	91.08395420093534	87.12222222222222	78.2125511863477	56.86480982330039	34.997366944714365	28.145661758415415	
77.69756387403446	84.37190082644628	55.715053763440864	56.33402597402598	37.14794168096055	31.999078865378884	30.371060282391646	31.89820286570064	49.24118046132971	26.97501931496266	17.46700996746586	14.405101217088921	21.405594405594407	9.621448863636363	4.79691312188395	6.963541071088241	0.9256198347107438	3.7974358974358973	2.222332015810277	3.644100580270793	3.090909090909091	96.39160839160839	90.04545454545455	83.72272727272727	74.60237892948173	50.84415584415584	29.96045588438687	29.36207125543713	
80.70772582537289	86.47878787878788	59.371373429437945	59.96577289377289	40.04707305273343	33.135742732518764	31.819395898982478	29.53011850126721	51.16241867585151	29.5873610808455	18.615053216671633	16.05200364298725	23.31992110453649	11.431330128205127	5.439242437842204	4.646218351878729	3.7974358974358973	0.8986719263642341	1.973690078037904	1.8725586470267321	2.651282051282051	96.97909270216962	91.40591715976332	88.44666666666667	78.18648454349389	53.63663003663004	31.359651468634087	28.408931151415462	
79.01278772378517	85.42292490118577	57.83176384158151	58.11031055900621	38.30439340078389	32.046401273097565	30.64697132773146	30.706845355826868	49.883679428942244	28.196021677546497	17.531241018424	14.737964777856973	22.264214046822744	10.535665760869565	4.685074323981533	5.673448181569593	2.222332015810277	1.973690078037904	0.8137996219281664	1.7705827937095282	1.934782608695652	95.79765886287625	90.74247491638796	85.97826086956522	76.25172694026818	52.58385093167702	30.20500282180148	28.698740130880868	
80.46669447921012	85.12765957446808	59.18688106677125	58.73689969604863	38.81595967705964	31.533991769737096	30.341796425916915	30.99208954473901	50.93553509050492	29.823659413738373	17.08752164276465	14.82401028950122	23.306055646481177	11.787566489361701	4.054420417587329	6.122476470850618	3.644100580270793	1.8725586470267321	1.7705827937095282	0.49434133091896787	1.0	97.84124386252046	91.79541734860884	87.78829787234042	77.59296082720223	53.933130699088146	29.886430927339457	28.72862290965942	
79.74628639334522	84.06611570247934	58.494065074710235	57.39515151515152	37.87910552061496	30.74116938122248	29.53575018848957	31.69306640292741	49.79941203075531	29.348098549231693	16.221708767639928	13.943067974830269	22.883449883449885	11.546875	3.4049008168028005	6.775262054507338	3.090909090909091	2.651282051282051	1.934782608695652	1.0	0.0	96.6969696969697	91.03030303030303	86.81515151515151	76.94873973378647	52.80952380952381	29.081106929195492	28.855877230316917	
81.3805932629462	111.23776223776224	94.0140612076096	100.44967032967033	98.53894533139817	99.4456395112568	98.8645726603128	99.92043231073004	84.853616532721	94.72710103871577	97.73336431063808	97.12297709121479	92.24852071005917	94.546875	97.94049008168028	97.16219964521851	96.39160839160839	96.97909270216962	95.79765886287625	97.84124386252046	96.6969696969697	45.36094674556213	62.38461538461539	84.92692307692307	89.62976276060388	88.24175824175825	98.79466595619122	99.39808592642541	
83.16088486676722	110.02797202797203	89.96845090393478	96.28527472527473	91.62997903563941	92.45265638969413	92.1331992963056	94.42335835986384	82.67049368541906	88.92736253359483	91.33832477073872	90.82752732240438	86.72781065088758	89.61177884615384	91.77856565837897	91.08395420093534	90.04545454545455	91.40591715976332	90.74247491638796	91.79541734860884	91.03030303030303	62.38461538461539	64.44970414201184	88.77692307692308	89.89935298346514	78.27472527472527	92.06728683869136	93.4881143029365	
71.15065359477124	76.75	69.67780337941629	76.30457142857144	78.65366876310273	86.6216534366449	85.39204731088213	99.21804754345891	65.51865671641791	74.14537299338998	86.27441303852291	83.2524931693989	71.82307692307693	78.4234375	87.25046674445741	87.12222222222222	83.72272727272727	88.44666666666667	85.97826086956522	87.78829787234042	86.81515151515151	84.92692307692307	88.77692307692308	56.95	65.86869158878504	72.82142857142857	85.41648593532516	93.88618388285686	
71.84435892737157	73.62786745964316	63.69934105689306	68.86696929238985	67.44583553753013	74.54988166787653	73.62748236653647	89.86258364230889	61.97175338261961	65.91639970700626	74.14773470470315	72.28145268372401	64.53989935298347	70.3828855140187	76.60566636495491	78.2125511863477	74.60237892948173	78.18648454349389	76.25172694026818	77.59296082720223	76.94873973378647	89.62976276060388	89.89935298346514	65.86869158878504	65.82566162983667	71.90120160213618	73.63267273746494	83.67278331019925	
71.61157796451914	74.22077922077922	64.24731182795699	57.587755102040816	51.82135369871219	51.06312094342763	51.77598014576527	78.75837790302153	59.96908315565032	62.157561041413736	50.51226024943828	51.548106947697114	59.15384615384615	56.308035714285715	51.884147357892985	56.86480982330039	50.84415584415584	53.63663003663004	52.58385093167702	53.933130699088146	52.80952380952381	88.24175824175825	78.27472527472527	72.82142857142857	71.90120160213618	22.897959183673468	51.7635479142293	67.60434306205798	
77.66391692684152	70.76126395211625	56.70123377638182	43.91905720667188	30.544681273247125	18.787377063575697	21.274821108492198	58.17066149788333	52.900833691253055	42.503445304388684	19.322436724341983	25.141336110060124	43.38934137432179	35.69092310555789	27.336931391261615	34.997366944714365	29.96045588438687	31.359651468634087	30.20500282180148	29.886430927339457	29.081106929195492	98.79466595619122	92.06728683869136	85.41648593532516	73.63267273746494	51.7635479142293	21.1995777616074	43.41093586693506	
85.99209249504275	95.60985791775711	67.32225615542293	69.0100971923783	51.49015286921885	44.208789783672884	43.734077889562364	35.525687591182084	60.80449406518558	43.12249244001275	35.09651111519871	34.92621700005679	38.65865432505536	32.112750896503634	29.73572177802564	28.145661758415415	29.36207125543713	28.408931151415462	28.698740130880868	28.72862290965942	28.855877230316917	99.39808592642541	93.4881143029365	93.88618388285686	83.67278331019925	67.60434306205798	43.41093586693506	37.920893346222776	
