0	328	397	329	218	212	203	1120	360	278	397	
328	0	69	1	110	116	142	1434	32	132	69	
397	69	0	68	179	185	211	1503	37	201	0	
329	1	68	0	111	117	143	1435	31	133	68	
218	110	179	111	0	6	32	1324	142	102	179	
212	116	185	117	6	0	31	1318	148	100	185	
203	142	211	143	32	31	0	1318	174	85	211	
1120	1434	1503	1435	1324	1318	1318	0	1466	1394	1503	
360	32	37	31	142	148	174	1466	0	164	37	
278	132	201	133	102	100	85	1394	164	0	201	
397	69	0	68	179	185	211	1503	37	201	0	
