0	328	397	329	218	212	
328	0	69	1	110	116	
397	69	0	68	179	185	
329	1	68	0	111	117	
218	110	179	111	0	6	
212	116	185	117	6	0	
