113.24565381708238	109.04789752158173	121.61006289308176	111.83982683982684	106.20866402116403	119.83862433862434	119.64405964405964	114.74263038548753	113.08888888888889	115.47985347985347	124.2526455026455	123.15327380952381	132.75086616710982	130.997557997558	129.0408163265306	125.96581196581197	143.20566925497215	127.2442680776014	122.15787843592722	138.37371205792257	136.88550611501432	137.54092261904762	151.20951308451308	151.57142857142858	139.89144905273938	135.58851278128387	144.5873015873016	140.5899470899471	158.47512905871568	146.30738221214412	148.89196872778962	150.02604948184918	139.07612568837058	132.61640211640213	137.35041700295938	137.1104209799862	154.02467425664398	146.2014652014652	146.93650793650792	142.71858465608466	144.22061011904762	142.8862433862434	142.78306878306879	136.593984962406	136.8185941043084	140.39986980872203	146.2687074829932	150.23929824561404	138.16594516594517	149.87878787878788	146.46349206349205	136.23376623376623	143.04647357224678	147.26190476190476	154.1204481792717	150.25132275132276	154.0601760637935	154.284022898777	155.40740740740742	146.8686371100164	148.2002442002442	154.28439153439155	148.1978021978022	152.25992063492063	150.55291005291005	148.15735558828342	146.21428571428572	158.62471655328798	164.12659316600204	159.4973544973545	158.2037037037037	166.5079365079365	162.33733812739337	153.78670634920636	157.58412698412698	155.53227513227515	153.47457837301587	157.24867724867724	154.49441920466654	152.9564961787184	150.2530864197531	160.8083028083028	155.92197003411957	150.83245149911818	153.46300366300366	149.12698412698413	150.29365079365078	157.35449735449737	160.18020541549953	158.08858166922684	157.44725156943807	155.78571428571428	155.45191409897294	161.83070109792564	160.84386722286897	159.65725359911406	155.8190476190476	155.296626984127	148.90249433106575	153.86884543053972	155.47005962878978	157.42328042328043	159.63668430335096	152.23544973544975	159.5673864894795	154.5006105006105	159.43537414965985	159.90696649029982	152.80246913580248	150.33015873015873	162.2166792642983	163.14285714285714	163.18320387256557	162.1753414544112	157.97099069512862	156.23342670401493	154.9047619047619	157.61484593837534	161.13728894743144	153.58465608465607	153.43968253968254	157.2861111111111	156.27777777777777	154.41931216931218	158.09656084656083	158.90295673825085	158.61858753163102	156.7843137254902	157.42633928571428	160.13662131519274	157.6999716553288	165.26857142857142	157.71349206349205	158.44770536613436	158.17181392788328	163.5277952590728	160.36082989626297	163.6058201058201	158.83542188805347	159.66621953945898	159.02022178734506	162.17077040067127	165.99622071050644	161.73613986657466	161.76289682539684	159.53688141923436	161.51763668430334	161.32862263184845	163.94593745088795	158.32539682539684	163.2828282828283	163.7430333155413	160.09462759462758	159.22486772486772	113.24565381708238	138.56189975661792	121.61006289308176	149.6005589999713	145.31421540791217	146.8713196564715	160.8819728099229	158.96304775008798	
109.04789752158173	103.54755309325947	116.18801721284343	106.31897926634768	99.7843567251462	114.46198830409357	112.96757044125465	108.19423558897243	106.44385964912281	109.25910931174089	118.06299840510367	116.3673245614035	126.80194140172767	124.31848852901484	124.04761904761905	120.75978407557355	136.50598206974297	122.10818713450293	116.0956782199401	132.83256386580487	131.28961748633878	131.12280701754386	146.0165362731152	146.95394736842104	134.12337294850028	128.95469597689	139.45224171539962	135.25438596491227	151.80915053591426	139.97438039543303	143.12071222833202	143.27977092279326	133.0716075904046	126.89473684210526	131.14466250371692	130.17391304347825	147.51179270685176	141.03778677462887	143.4132553606238	137.18311403508773	138.4361293859649	135.75828460038986	135.92631578947368	129.8753462603878	130.32080200501252	133.98507082911078	140.3358395989975	143.92457987072945	132.76236044657097	143.2876129718235	140.0327485380117	128.23285486443382	136.53843371314886	139.54970760233917	147.81940144478844	142.03508771929825	147.69106861660143	147.95872878918607	148.89122807017543	140.54990925589837	141.5654520917679	147.33040935672514	140.60728744939271	144.61434837092733	144.1169590643275	141.56252486887323	141.89473684210526	152.6296992481203	158.38095238095238	153.98538011695908	150.406432748538	160.66374269005848	156.2756615295144	147.52521929824562	150.93333333333334	149.46666666666667	146.77275219298247	152.13888888888889	148.03948918231976	146.588693957115	144.27875243664718	154.21052631578948	149.47991474012133	143.953216374269	147.32712550607286	140.64912280701753	143.93567251461988	150.92131844763423	153.41898864809082	152.30673457838142	150.90714728944548	150.62426900584796	149.31785345717233	155.63541975181707	154.63579833241428	152.91146470828232	149.53659147869675	148.952850877193	142.27067669172934	147.29545087396207	149.21451777592128	150.61793372319687	155.32553606237818	144.97076023391813	153.15823700077067	147.4183535762483	153.14786967418547	153.34600389863547	146.6361273554256	144.23157894736843	156.11380302608373	156.3017543859649	157.0709468707229	155.94981640146878	151.55474894131882	150.16511867905058	147.5344129554656	150.91331269349845	154.99977206217557	145.62865497076024	147.7842105263158	151.49824561403508	151.093567251462	148.81578947368422	151.88255360623782	152.65070519435844	152.28248156623442	149.72136222910217	151.0311951754386	154.03446115288222	151.14606829573935	159.46666666666667	151.2155701754386	151.72650659882333	151.67139235371667	157.35837390833913	154.27876778560574	158.7017543859649	153.13711911357342	153.20657276995306	152.55395337659218	156.05974428085634	160.08061821219715	154.7813374014747	155.53344298245614	153.31991744066048	152.74756335282652	155.23520090548953	157.68664234844536	152.13032581453635	157.5311004784689	157.69626929613867	153.92965587044534	152.57309941520467	109.04789752158173	132.179560055045	116.18801721284343	142.82635187652676	139.39355629277622	140.1678211276222	154.67322154716945	152.72036972643215	
121.61006289308176	116.18801721284343	117.28586685653258	114.48599199542596	112.70518867924528	116.70754716981132	117.79016580903374	116.94407008086253	114.23018867924529	115.08243831640058	126.26886792452831	115.87617924528301	126.33435494684417	119.83164005805516	120.4743935309973	118.37590711175616	132.5100858949969	119.65828092243187	118.3286700414174	126.01522674611056	124.65017012063099	125.42983490566037	137.3800994390617	137.00943396226415	128.74497869750456	124.04637417594908	131.8972746331237	128.8427672955975	141.58771577679647	132.58700209643607	135.0968741199662	135.78332096039696	130.16904120138622	126.97169811320755	128.675727534378	128.10582444626743	140.6310865538568	135.56023222060958	137.1928721174004	132.92727987421384	134.42850825471697	133.63836477987422	132.01257861635222	129.09930486593842	128.57951482479785	131.601508867783	135.9932614555256	138.4287189672294	130.07890222984562	138.00400228702117	135.91069182389938	129.00514579759863	133.78972962458667	136.33018867924528	141.52916512516956	137.22012578616352	141.54665364155636	141.69223631302197	141.30188679245282	136.19063109954456	137.98838896952105	141.90408805031447	136.7634252539913	139.08827493261455	137.17138364779873	136.70842248589767	137.9245283018868	145.20956873315365	149.8569569662608	145.42138364779873	144.84591194968553	150.66037735849056	148.520587928698	140.9929245283019	143.83647798742138	141.66037735849056	140.19840801886792	144.39465408805032	141.50863390892727	140.59538784067087	138.68553459119497	144.44847605224965	142.47240345618056	138.56394129979034	141.02467343976778	136.37735849056602	140.22327044025158	144.37793024585477	146.33296337402885	145.13268411442482	144.1605290299096	144.91509433962264	143.36903440621532	147.8664867547137	147.0682898335054	145.92255375164547	143.1253369272237	141.91037735849056	138.5067385444744	141.09702676720295	143.40041928721175	144.65408805031447	146.9098532494759	139.20440251572327	145.80071181317342	141.30624092888243	145.01347708894878	145.33805031446542	141.361285814116	139.52075471698114	147.83907357492262	148.6377358490566	149.12040679780543	147.92277314611673	144.88158750813272	144.56048834628191	141.55297532656024	144.53440621531632	147.47435512185865	138.4056603773585	144.0188679245283	144.67075471698112	147.08805031446542	141.61006289308176	145.03013626834382	145.9596251079048	144.6357670221493	144.45283018867926	144.28838443396228	147.64420485175202	144.44769204851752	152.0332075471698	144.0693396226415	144.87356780482244	144.84918747955066	148.9539522899177	146.77655623235773	150.46226415094338	146.480635551142	145.0380015944725	146.2196950116309	148.21214466794115	150.0516621743037	146.98824172819252	148.7505896226415	145.82130965593785	145.5	147.6	148.64711376798058	144.67520215633422	148.55060034305316	149.39085513693973	146.08318214804063	145.5440251572327	121.61006289308176	130.32509798380198	117.28586685653258	135.71194001842437	132.6983060653788	135.04764734596856	147.09710246297573	145.41262806127918	
111.83982683982684	106.31897926634768	114.48599199542596	106.05693296602388	102.93560606060606	116.38383838383838	116.9366391184573	112.68939393939394	108.77272727272727	112.18648018648018	121.77984389348026	118.26136363636364	127.08690970619905	122.47086247086247	122.65367965367966	120.42890442890443	137.19865047729263	121.84006734006734	117.93126385809313	131.27698032961192	129.6448087431694	130.78551136363637	143.8696764946765	144.04166666666666	133.38514173998044	127.35572593403919	136.78787878787878	133.05050505050505	148.5901722391084	138.55507455507455	141.52510176390774	141.66117743608802	134.5664811379097	129.23232323232324	132.87801746276324	132.56785243741766	147.79173860354652	141.8111888111888	143.67676767676767	138.0473484848485	139.73745265151516	138.5050505050505	136.78787878787878	132.9457735247209	132.87878787878788	135.53636136306804	141.94588744588745	144.9751196172249	135.00275482093664	144.43617998163452	142.04646464646464	130.56749311294766	138.51109028428615	140.76262626262627	148.7889681124975	143.84343434343435	148.78304866435096	149.18628912071534	149.2	142.02403343782655	143.33799533799535	148.33080808080808	142.34965034965035	145.42640692640694	143.6919191919192	142.72489846922838	144.31313131313132	153.9491341991342	159.2964621585311	153.65656565656565	153.25757575757575	160.31313131313132	157.53351191472737	148.7651515151515	152.42828282828282	149.56767676767677	147.3186553030303	152.2929292929293	148.90106007067138	147.79910213243548	145.37542087542087	153.47552447552448	150.25035400736334	144.82491582491582	148.37715617715617	141.6919191919192	146.08080808080808	152.0670339761249	154.32442067736184	153.3838383838384	152.03955958296794	154.01767676767676	151.36363636363637	156.64241107756575	155.65982511376865	154.06095842142355	150.92251082251082	150.07575757575756	144.8008658008658	148.17463772159905	151.0439313772647	152.78114478114477	155.94276094276094	146.77777777777777	154.03118393234672	148.63403263403262	153.32467532467533	153.9090909090909	148.6273849607183	146.44545454545454	156.91341991341992	157.62121212121212	158.35559853857725	157.02043692741367	153.0151515151515	151.85383244206773	149.0979020979021	152.85650623885917	156.2092382331276	145.3939393939394	150.77575757575758	152.85757575757575	155.18686868686868	148.9520202020202	153.02651515151516	154.24828678946326	152.87263943785683	152.1818181818182	152.26051136363637	155.9047619047619	152.44886363636363	161.16969696969696	152.5064393939394	152.96347157374348	152.93165177789456	158.29134961954344	155.3851109520401	158.32828282828282	155.140350877193	153.93341869398208	154.46865919468658	157.21888766519822	160.36507936507937	155.74308300395256	157.25662878787878	154.0766488413547	153.8838383838384	156.5325513196481	157.8967896789679	153.64502164502164	157.57300275482095	158.68858268432928	154.73834498834498	153.45959595959596	111.83982683982684	133.70255969231135	114.48599199542596	141.51750438380185	138.4129368643849	140.71077478951494	155.69570396569847	153.6049758260844	
106.20866402116403	99.7843567251462	112.70518867924528	102.93560606060606	93.90104166666667	106.10069444444444	104.90214646464646	100.10193452380952	98.73333333333333	101.27019230769231	110.47900883838383	107.29166666666667	120.01977580372251	117.3349358974359	117.76488095238095	113.35096153846153	128.29725702162054	115.00231481481481	108.34664634146341	125.97258771929825	124.49214480874316	123.96647135416667	139.11634290540542	140.69010416666666	127.02486559139786	121.46644912985275	131.67592592592592	129.68402777777777	144.66600177304966	133.34093915343917	136.26648009950247	135.66567130812467	124.71428571428571	119.59027777777777	122.76341807909604	120.97282608695652	139.4481993612179	133.65705128205127	136.7523148148148	129.18446180555554	130.17626953125	127.46412037037037	128.40416666666667	121.71381578947368	123.29761904761905	125.82179919979995	131.25595238095238	135.42530701754387	124.56060606060606	135.94444444444446	132.56666666666666	120.05681818181819	128.66602233676977	131.48611111111111	139.73631535947712	133.87152777777777	139.46326965106638	139.54371584699453	140.04166666666666	132.16163793103448	131.23878205128204	138.56597222222223	131.41826923076923	136.22395833333334	137.06597222222223	133.28234536082473	132.18055555555554	144.40029761904762	149.95197044334975	148.35763888888889	141.43055555555554	153.17361111111111	148.0384438305709	139.71484375	139.96805555555557	140.55833333333334	138.50032552083334	145.09201388888889	139.25559481743227	138.1983024691358	135.6724537037037	146.54807692307693	141.35319314641745	136.25	139.61666666666667	131.49652777777777	134.47222222222223	142.69444444444446	144.67892156862746	143.76680107526883	142.5369774919614	140.34201388888889	140.0625	147.46494469875887	146.44979437997188	145.33187984496124	141.61130952380952	139.75260416666666	133.13690476190476	138.8829355944342	141.27634479717813	142.15740740740742	146.97453703703704	135.20486111111111	144.99812392334195	139.9278846153846	144.16666666666666	143.8252314814815	138.85108024691357	137.39583333333334	148.28428130511463	146.2625	148.81776004728133	147.37209302325581	143.63146551724137	141.4656862745098	139.40705128205127	142.98835784313727	146.8294478206203	136.07291666666666	140.01666666666668	143.79270833333334	140.24652777777777	141.14236111111111	144.34577546296296	144.28036492374727	143.16062801932367	140.3308823529412	142.95006510416667	145.42633928571428	143.00455729166666	151.82666666666665	144.00677083333332	143.4359894259819	143.47425337186897	148.92304515418502	146.41076115485563	151.60416666666666	144.10087719298247	143.7711267605634	143.54737442922374	147.73701358296623	151.54365079365078	146.10597826086956	146.77018229166666	146.90441176470588	144.2037037037037	146.74422043010753	150.20152640264027	144.47470238095238	147.85037878787878	149.50696911696022	145.58313301282053	143.14236111111111	106.20866402116403	124.08614176849296	112.70518867924528	135.09667909885474	132.24840289608179	131.84373828271467	146.4879037438062	144.55569624507257	
119.83862433862434	114.46198830409357	116.70754716981132	116.38383838383838	106.10069444444444	34.5	85.70707070707071	82.56547619047619	79.05	69.91282051282052	84.75378787878788	71.359375	81.93908629441624	75.78205128205128	66.35714285714286	65.24358974358974	80.4936350777935	64.49074074074075	71.56260162601626	72.5672514619883	72.07377049180327	69.9140625	83.27027027027027	81.5	72.83870967741936	77.39825970548863	84.5	80.91666666666667	95.53444782168187	74.47089947089947	78.76119402985074	86.7660250951002	75.4795918367347	71.77777777777777	74.43079096045197	78.6376811594203	86.86478474573029	76.02564102564102	82.29629629629629	80.02083333333333	81.23177083333333	78.07407407407408	76.84444444444445	73.93859649122807	71.76190476190476	81.28886388263733	84.4047619047619	85.96842105263158	75.34848484848484	81.63636363636364	87.57777777777778	86.4090909090909	85.10996563573883	92.86111111111111	89.37145969498911	82.52777777777777	89.22085311628608	88.23360655737704	91.25555555555556	83.2816091954023	78.96153846153847	86.97222222222223	83.12820512820512	85.17261904761905	81.98611111111111	82.89621993127147	87.66666666666667	89.76785714285714	94.3103448275862	88.91666666666667	88.75	90.05555555555556	93.02455494168201	84.4375	92.0111111111111	85.2	89.99739583333333	91.11111111111111	88.10365135453475	86.67283950617283	83.88888888888889	94.14102564102564	89.38161993769471	84.5925925925926	87.09487179487179	92.30555555555556	91.30555555555556	90.36868686868686	90.24509803921569	90.43727598566308	89.28670953912112	88.94444444444444	90.02450980392157	92.74100504417297	92.24607101280559	89.65310077519379	87.8	83.52083333333333	83.0	87.81767955801105	87.51058201058201	88.5	87.81481481481481	83.38888888888889	91.19465977605512	82.85897435897436	85.35714285714286	88.375	84.48148148148148	80.56666666666666	92.17813051146385	95.45	92.92269503546099	89.23255813953489	89.73563218390805	90.13725490196079	87.05128205128206	86.3921568627451	91.1209835149483	82.63888888888889	91.31666666666666	86.98333333333333	89.83333333333333	90.68055555555556	87.9375	89.33769063180829	88.50966183574879	88.16666666666667	87.20052083333333	90.36904761904762	87.01860119047619	90.95333333333333	88.30208333333333	87.47129909365559	87.57090558766859	92.72063142437592	89.33858267716535	84.25	92.65789473684211	89.77464788732394	89.74885844748859	92.43036435389133	93.9484126984127	90.1159420289855	91.30208333333333	90.74509803921569	88.87037037037037	89.74516129032259	92.83003300330033	86.55952380952381	94.0	93.41342240459034	89.7323717948718	93.75	119.83862433862434	80.74832479306268	116.70754716981132	86.15114526823388	77.72913117546848	82.30718035245594	92.2575824310271	90.80378260405423	
119.64405964405964	112.96757044125465	117.79016580903374	116.9366391184573	104.90214646464646	85.70707070707071	79.50596877869606	86.77489177489177	91.06969696969696	86.34125874125874	95.5034435261708	80.49526515151516	94.26918935548377	94.2983682983683	89.29004329004329	84.17249417249417	89.2225426624295	83.84848484848484	84.45824094604582	85.35406698564593	84.8301043219076	80.44318181818181	99.33333333333333	95.21969696969697	89.72825024437928	94.39053182426676	100.39393939393939	93.82828282828282	104.43483466887722	88.53391053391053	91.0854816824966	96.48613111183371	84.23500309214594	83.5050505050505	83.46096558808424	80.90513833992095	92.06845435246376	88.65268065268066	89.96296296296296	88.75189393939394	88.87405303030303	83.87542087542087	84.17777777777778	80.13716108452951	80.3896103896104	90.11800677442088	91.01948051948052	92.61511961722488	84.92011019283747	91.633608815427	96.64848484848486	90.48760330578513	92.96594814120587	93.87373737373737	96.25024757377699	90.91919191919192	95.65963729540488	93.95280675608545	94.56767676767677	91.16823406478579	89.75757575757575	92.89141414141415	90.06759906759906	91.366341991342	89.96464646464646	88.48247422680413	85.1010101010101	92.33116883116882	94.43095984475295	95.06060606060606	91.64646464646465	99.55050505050505	94.69071934817791	92.0909090909091	90.01010101010101	93.95353535353536	94.12192234848484	95.41414141414141	94.12238997751365	91.00785634118968	90.93265993265993	100.41025641025641	94.4831492495044	91.97306397306397	95.2004662004662	95.67676767676768	95.18686868686869	97.87603305785125	97.96256684491979	96.72531769305962	97.2687323394719	91.29292929292929	93.33778966131908	96.29704691902552	96.45256938564927	91.32135306553911	89.91125541125541	87.2215909090909	89.79220779220779	92.16411816135573	89.79397146063813	89.43771043771044	93.68350168350169	87.17171717171718	94.9323467230444	87.94172494172494	91.61471861471861	89.4983164983165	87.89001122334456	86.45757575757575	93.29934263267596	92.0878787878788	93.3358263485923	92.77448907681466	91.09822361546499	87.70588235294117	89.29137529137529	90.05347593582887	92.53661510325382	85.76767676767676	87.4939393939394	90.39924242424243	85.78787878787878	91.04292929292929	90.7192760942761	90.64789067142009	91.3078612209047	90.28342245989305	90.89147727272727	92.45238095238095	90.48782467532467	94.05090909090909	91.09015151515152	90.76169550489792	90.88845682256087	93.48351354959284	91.46957766642807	99.32323232323232	91.16267942583733	90.66709346991037	89.64715649647157	93.45151264851155	95.41630591630592	92.04040404040404	92.4346590909091	95.4812834224599	90.25757575757575	91.80508308895406	96.6975697569757	90.96536796536796	93.84022038567493	94.26933213237257	91.70469114219114	93.55555555555556	119.64405964405964	90.58921895342866	117.79016580903374	95.57280878404296	90.7488513757679	89.28366908681869	96.44924061684935	94.30661712191123	
114.74263038548753	108.19423558897243	116.94407008086253	112.68939393939394	100.10193452380952	82.56547619047619	86.77489177489177	71.28316326530613	70.24285714285715	75.42582417582418	73.44399350649351	76.71428571428571	88.46591733139957	87.92307692307692	83.7295918367347	81.43681318681318	87.12516958692954	83.3015873015873	81.31724738675958	98.94799498746868	96.93442622950819	92.52622767857143	106.79765926640927	105.25446428571429	91.17281105990783	87.6004016064257	98.24603174603175	93.30357142857143	110.34411636995223	97.5124716553288	100.38219616204691	98.81616967175219	82.07798833819243	77.16071428571429	80.62439467312349	76.78260869565217	96.150676622706	87.26923076923077	84.36904761904762	83.203125	82.64899553571429	79.39484126984127	81.57619047619048	77.10714285714286	77.98979591836735	81.93553745579251	84.40306122448979	87.27924812030075	79.53896103896103	86.11580086580086	85.75714285714285	73.2987012987013	80.59941089837997	84.4047619047619	91.0374649859944	80.68452380952381	90.79087400277768	90.5342505854801	93.43571428571428	82.92487684729063	82.19505494505495	86.78571428571429	87.53021978021978	87.66007653061224	90.33928571428571	86.47452135493373	85.71428571428571	96.11734693877551	101.25844475721323	101.85119047619048	91.10119047619048	103.44047619047619	99.73342541436465	89.765625	90.4047619047619	89.50714285714285	90.16294642857143	94.50297619047619	90.68551236749117	88.47222222222223	87.4265873015873	99.12087912087912	91.85781041388518	88.27380952380952	91.09285714285714	90.4047619047619	86.78571428571429	93.59632034632034	92.6344537815126	94.17357910906298	93.95590261828204	92.80059523809524	92.69747899159664	98.8882654251309	97.77162307188591	97.56395348837209	95.4234693877551	92.88169642857143	84.50510204081633	91.46949267736561	93.31254724111866	90.15873015873017	95.26190476190476	91.89880952380952	96.43849206349206	91.72252747252747	97.08673469387755	97.53075396825396	91.30026455026454	89.63928571428572	100.2001133786848	99.43214285714286	100.97173252279636	98.81976744186046	95.93103448275862	95.25210084033614	93.86538461538461	97.11869747899159	99.22501796192073	89.91071428571429	90.70714285714286	96.13839285714286	94.63690476190476	96.1875	96.24107142857143	97.57684407096171	97.53778467908903	97.06512605042016	98.29386160714286	99.87117346938776	98.27997448979592	101.63428571428571	98.73303571428572	99.01294777729824	98.73203963666391	102.95154185022027	98.7660292463442	105.04166666666667	98.8703007518797	97.12223340040241	98.7133072407045	99.4211620909377	104.88265306122449	100.90527950310559	99.57142857142857	103.94117647058823	99.68055555555556	101.24124423963134	106.01661951909476	99.08163265306122	100.82792207792208	102.44752587784514	98.78365384615384	104.28571428571429	114.74263038548753	81.88165155695704	116.94407008086253	97.41380215060708	96.9798004380628	88.3881970110879	97.81210838161655	97.99295686343618	
113.08888888888889	106.44385964912281	114.23018867924529	108.77272727272727	98.73333333333333	79.05	91.06969696969696	70.24285714285715	53.38	69.51692307692308	74.39469696969697	76.221875	82.85583756345177	73.53846153846153	73.25714285714285	75.33076923076923	84.33588603758335	76.18888888888888	76.86682926829268	93.01754385964912	90.34590163934426	87.1625	99.04662162162163	94.575	84.79032258064517	75.87710843373495	83.74444444444444	80.85	99.73738601823709	90.18888888888888	92.96716417910447	90.6173479816045	77.91836734693878	73.45	77.97796610169492	77.69565217391305	95.67634402432726	84.88461538461539	80.63333333333334	82.29166666666667	82.27734375	79.97222222222223	85.00666666666666	77.93157894736842	80.22857142857143	82.53930982745686	91.7	90.408	81.83636363636364	88.85151515151514	90.05333333333333	75.92727272727272	84.17938144329896	88.88333333333334	95.46339869281046	82.8	95.45695229482251	96.34754098360656	98.15333333333334	84.12758620689655	84.18461538461538	89.03333333333333	91.5923076923077	89.91785714285714	92.40833333333333	88.52144329896907	86.46666666666667	101.42857142857143	108.27980295566502	112.93333333333334	93.01666666666667	104.6	107.53093922651934	96.01875	94.69333333333333	91.79333333333334	92.12578125	99.975	94.84840989399294	95.14074074074074	92.28888888888889	100.29230769230769	96.57943925233644	92.74444444444444	95.81384615384616	98.95	93.21666666666667	98.0878787878788	99.40588235294118	99.8258064516129	100.00610932475884	102.91666666666667	100.0764705882353	105.16925678630784	103.83032777939465	101.40116279069767	99.09	96.73125	91.9	93.8279926335175	97.43492063492063	94.05555555555556	96.14444444444445	99.96666666666667	101.49294573643411	94.86923076923077	98.2	101.7388888888889	93.5	93.91	105.59312169312169	104.79	106.74794326241135	105.57209302325582	100.35	102.62941176470588	97.98461538461538	102.34705882352941	104.81785414920368	94.76666666666667	96.54	100.905	99.76666666666667	97.725	100.07638888888889	102.0602614379085	101.13333333333334	101.2	100.49625	102.36071428571428	100.61651785714285	103.208	101.11	101.7202416918429	101.36369942196532	107.80440528634361	102.0275590551181	105.63333333333334	104.81842105263158	101.28028169014084	104.05342465753425	106.09662720264318	111.35714285714286	105.5231884057971	102.134375	105.25882352941177	104.29444444444445	104.98	108.19009900990099	101.77857142857142	99.76363636363637	107.83816553242595	102.3701923076923	108.98333333333333	113.08888888888889	81.8208513992905	114.23018867924529	89.91359629294756	91.17086882453151	86.51411698537683	103.87211047898697	102.0905227323947	
115.47985347985347	109.25910931174089	115.08243831640058	112.18648018648018	101.27019230769231	69.91282051282052	86.34125874125874	75.42582417582418	69.51692307692308	72.516449704142	78.78379953379954	74.08605769230769	84.78328777821163	79.31597633136094	75.189010989011	73.98461538461538	84.10163047701944	75.02905982905983	77.001425891182	87.78704453441296	86.01008827238336	82.5766826923077	96.77182952182952	94.15384615384616	83.6287841191067	80.69119555143652	88.29230769230769	85.18717948717949	101.39805938742109	87.69084249084248	90.849598163031	91.85167904825543	78.87660910518053	74.75641025641026	77.8522816166884	77.38193979933111	92.50695966492627	83.71005917159763	83.22393162393162	82.04551282051283	82.3764423076923	79.57606837606838	81.13025641025641	76.85668016194332	77.3010989010989	82.21455748552523	86.34395604395604	87.79413765182186	79.12727272727273	85.73193473193473	87.28	78.81818181818181	83.43822363203806	88.62051282051281	91.68124685771744	82.63846153846154	91.62820570792536	91.2109709962169	93.66358974358974	83.69177718832891	82.64260355029586	87.33205128205128	87.85562130177514	87.65247252747253	88.19102564102565	85.83127676447265	85.57948717948717	95.16868131868132	100.34209928003031	100.49230769230769	90.55384615384615	98.92307692307692	99.12426689332767	90.525	90.62974358974358	89.39487179487179	90.27283653846153	94.26025641025642	91.03441152487089	89.40398860398861	87.97777777777777	97.52781065088757	92.01869158878505	88.9094017094017	91.6923076923077	92.4948717948718	89.99743589743589	93.54358974358975	93.47058823529412	94.26600496277915	94.28785555280732	93.74743589743589	93.37511312217194	98.20258421346563	97.30597743350945	95.74973166368515	93.35604395604396	90.87788461538462	86.9010989010989	90.86966992491854	92.31550671550671	90.75384615384615	93.81880341880341	90.15384615384616	95.8099065792089	89.49230769230769	93.35384615384615	95.03119658119658	89.34814814814816	88.76153846153846	98.63117623117623	98.51846153846154	99.44403709765412	97.72200357781753	94.62997347480106	95.26696832579185	91.9869822485207	94.5497737556561	97.75977819330711	90.16410256410256	92.37846153846154	94.70115384615384	94.07435897435897	93.98076923076923	94.51431623931624	95.74051282051282	95.03946488294315	94.65701357466064	94.62004807692308	97.10109890109891	94.5768543956044	98.86030769230769	95.15153846153846	95.38377875900534	95.2408359270787	100.38539478143002	96.49049061175046	99.25897435897436	98.38582995951417	95.063488624052	96.73761854583772	98.50102507624534	102.43186813186813	98.08874024526199	97.51057692307693	99.00723981900452	96.77692307692308	98.21736972704714	102.02787509520182	96.20769230769231	97.73146853146854	100.50303088624746	96.48639053254438	101.86410256410257	115.47985347985347	81.86193869197416	115.08243831640058	90.98732786201141	88.70910758747215	85.69633988059185	97.335691517145	96.36693914457327	
124.2526455026455	118.06299840510367	126.26886792452831	121.77984389348026	110.47900883838383	84.75378787878788	95.5034435261708	73.44399350649351	74.39469696969697	78.78379953379954	59.245523415977964	78.10724431818181	81.65378403322566	83.22902097902097	82.12987012987013	79.64160839160839	80.00573730842471	81.67297979797979	83.42712490761271	100.61509835194046	98.12071535022355	93.30883049242425	105.70897317772318	103.91666666666667	87.76344086021506	80.92132165023732	86.81313131313131	86.55934343434343	102.6704200055264	95.38443963443963	99.02770239710539	91.90467462050242	76.34431045145331	69.3409090909091	75.51804057524396	70.26745718050066	88.73130380052751	80.1958041958042	71.1919191919192	73.12752525252525	72.58570075757575	72.79335016835017	70.5010101010101	71.15071770334929	69.85497835497836	71.48607985329666	70.991341991342	73.89851674641149	66.60468319559229	73.09710743801652	69.81363636363636	57.400826446280995	66.13675413933146	67.78914141414141	75.01012576747871	66.95833333333333	75.69433710836604	76.10910332836562	77.23585858585858	69.19487983281087	69.747668997669	71.04861111111111	73.70104895104895	74.30533008658008	77.00757575757575	76.20651358950327	78.73106060606061	84.34009740259741	89.92771309150619	87.30934343434343	82.62878787878788	91.32070707070707	87.6160081477761	76.29119318181819	83.62373737373737	74.52020202020202	75.1278409090909	80.53724747474747	76.510279473177	75.31649831649831	74.75757575757575	79.50291375291376	76.81641178136505	72.50420875420875	75.57342657342657	72.1199494949495	71.77020202020202	76.28099173553719	79.96791443850267	79.47491039426524	80.14708174997564	82.73926767676768	79.90597147950089	86.01663388705258	84.48765122301302	89.4349013389711	87.55054112554113	87.87547348484848	72.22402597402598	80.14412541622487	84.62886804553472	79.69612794612794	85.80387205387206	82.29797979797979	83.55693367786391	85.49009324009324	91.26190476190476	91.30155723905725	85.67620650953984	81.12575757575758	90.54617604617604	89.64621212121212	92.48788953363422	88.7522903453136	86.30538140020899	87.33155080213903	83.04254079254079	90.47816399286988	90.06895018923518	81.97853535353535	83.50378787878788	87.23465909090909	96.57449494949495	88.21085858585859	88.2839856902357	90.79320657555952	89.405248133509	90.39349376114082	93.22786458333333	93.51028138528139	95.11691693722943	96.55787878787879	91.82954545454545	95.04584363270163	94.15327552986513	96.21043585636096	91.44649248389406	93.35858585858585	89.82735247208932	88.93128467776356	93.88522208385223	88.97619643572287	97.32106782106783	95.59036012296882	94.24928977272727	97.62076648841355	95.73063973063974	96.2752688172043	97.82118211821182	93.0698051948052	95.8698347107438	93.89345377817405	90.72658071095572	100.48989898989899	124.2526455026455	72.02479365989417	126.26886792452831	90.36306184585457	94.76908781167725	80.44338207724034	84.53888536678957	87.6867839796185	
123.15327380952381	116.3673245614035	115.87617924528301	118.26136363636364	107.29166666666667	71.359375	80.49526515151516	76.71428571428571	76.221875	74.08605769230769	78.10724431818181	57.0078125	80.22192258883248	76.55528846153847	69.28125	64.97115384615384	68.84726712467165	65.89583333333333	72.85396341463415	78.04989035087719	76.53637295081967	68.8837890625	86.03547297297297	82.6328125	70.62096774193549	74.55948795180723	79.95138888888889	76.16145833333333	91.3936645136778	73.86111111111111	76.11567164179104	80.20842914324646	63.4375	62.463541666666664	61.98013771186441	59.557065217391305	72.28791633197544	65.20192307692308	63.625	62.59375	62.698486328125	62.677083333333336	60.458333333333336	59.92598684210526	59.183035714285715	66.29569111027757	64.50669642857143	65.65447368421053	63.15340909090909	64.34753787878788	68.38333333333334	65.64488636363636	64.8840206185567	66.58333333333333	68.24387254901961	63.760416666666664	68.253998982591	67.42213114754098	67.15416666666667	63.369612068965516	62.375	64.78385416666667	65.15384615384616	66.65290178571429	59.747395833333336	64.19555412371135	65.015625	68.49330357142857	72.55464901477832	71.07291666666667	66.828125	71.82291666666667	72.01381215469613	66.0625	66.02708333333334	66.17291666666667	66.1201171875	70.31510416666667	67.76325088339223	66.86458333333333	62.779513888888886	68.61538461538461	66.92406542056075	62.892361111111114	67.62403846153846	67.38020833333333	67.97395833333333	69.24242424242425	69.43014705882354	69.88676075268818	69.78557073954984	68.6328125	68.98897058823529	71.68147633174914	71.20858078979919	70.2532703488372	67.67857142857143	67.984375	65.80357142857143	67.56018838244322	67.1506283068783	66.83680555555556	68.59375	62.442708333333336	70.06023901808786	63.61778846153846	66.28571428571429	67.87934027777777	65.86574074074075	66.340625	70.91501322751323	69.91875	71.83444148936171	71.26744186046511	68.41217672413794	70.0716911764706	66.13461538461539	67.44577205882354	71.01235069153395	69.14583333333333	68.04375	68.70390625	69.11979166666667	67.87239583333333	68.890625	70.08190359477125	69.86322463768116	71.2591911764706	70.3990234375	71.828125	70.49609375	74.165	70.1546875	70.90993202416918	70.76614884393064	72.90521751101322	70.26599409448819	69.61979166666667	71.60773026315789	69.45026408450704	70.32063356164383	71.41848069245594	73.40848214285714	72.27898550724638	71.86328125	70.9466911764706	72.29861111111111	72.07701612903226	75.22060643564356	69.75223214285714	71.06818181818181	72.87138148018414	69.65835336538461	76.88020833333333	123.15327380952381	67.71222162002366	115.87617924528301	78.75714497626582	75.04929727427599	68.00493883577053	71.22335462928977	71.78814073861008	
132.75086616710982	126.80194140172767	126.33435494684417	127.08690970619905	120.01977580372251	81.93908629441624	94.26918935548377	88.46591733139957	82.85583756345177	84.78328777821163	81.65378403322566	80.22192258883248	78.07761086345951	70.44045294806716	72.22117476432197	72.23935962514642	72.34157338866592	72.53919909757474	81.52613594156246	75.67922343930893	73.89839394191561	71.86683058375634	81.48948758403073	76.14657360406092	72.29670869494024	68.90149430208142	67.30851663846587	67.49576988155668	75.53341922145249	72.94585448392554	75.20925827714221	72.57028178597892	67.03180358437791	63.4839255499154	68.21603716768476	67.4396380489958	76.39794286493164	71.43420538852011	68.89227298364354	71.31144247038917	71.58708756345177	69.18076706147772	69.56142131979695	67.6251669783596	66.99782451051486	74.59447983823367	74.15989847715736	75.49924659364146	66.46054453161052	73.34886940470697	77.23959390862944	73.78126442085834	76.73902349678163	76.98223350253807	78.72817756544242	73.05583756345177	78.76916579348146	78.15914953815428	78.39357021996616	72.52634342727113	71.7001171417415	72.35786802030456	71.26513080827802	72.18020304568527	73.5308798646362	72.72387880056517	73.20304568527919	77.93201595358956	82.57725488234853	80.23942470389171	78.73181049069375	83.47292724196278	82.13695300595488	76.18908629441624	78.0761421319797	75.26159052453468	74.34287753807106	79.14805414551607	77.25104482430808	76.08253431096071	76.07924421883813	80.08160874658337	77.3942312253902	75.86914833615342	77.87278406872315	81.11928934010152	79.5575296108291	80.91293647131211	81.1743804120633	81.43736695595219	82.16397081626324	80.24576988155668	79.49761122723201	82.478175193728	82.11965479722024	80.47603588714438	77.67911530094271	77.51332487309645	73.55910079767948	75.77284809278527	77.33365562807187	76.51043429216018	78.3677382966723	75.7741116751269	80.0012887105025	77.3670441233893	79.59970993473532	80.05499153976311	76.8623801466441	75.38934010152285	81.73555716702924	81.6497461928934	82.85036541023149	81.31448471254869	78.42149483633817	79.1489997014034	75.3670441233893	80.36010749477455	81.43139761978716	76.32571912013536	76.8248730964467	78.89086294416244	82.54991539763114	77.66920473773266	79.34228708403835	80.70085929464848	79.8374163172221	80.05882352941177	80.31200824873096	81.7994923857868	81.12683556925309	83.57786802030456	80.0734771573604	81.48746300243839	81.02315072914527	84.28639951698383	80.98313281905752	81.44500846023689	81.70197702377772	79.47501251161793	82.11522147277658	81.68284663677632	84.9294174522601	83.13389244464062	82.8105964467005	84.16004777545535	82.82148900169204	83.41719338464057	85.71136352213901	81.18092820884699	83.18181818181819	83.79490445147997	80.71600449043342	85.58121827411168	132.75086616710982	75.54676873640676	126.33435494684417	72.36598365170138	75.42056745561618	71.47727726927535	82.12643534463083	80.68832811240571	
