6.307791529795695	115.61330259030764	103.09785540688513	101.79872072216436	94.68280108998	117.59154878378098	112.02150931638313	117.47665340206002	118.53727591865561	90.75041602330192	113.38845973286803	103.7822542115868	94.02800081039004	79.01067591797197	81.88564157854795	35.22593592025583	86.25732715940083	73.47971491152148	102.12303170185244	117.24071650637364	85.24896657734571	72.22027967889818	93.66813111485013	79.78369087085314	102.18381421241769	95.34033009370926	89.93907981511208	93.00423755219045	83.23017264056205	75.44815647349958	82.7248399898469	90.03116980234198	84.24976631146009	76.57247460584533	80.56761388421512	59.388383713006974	70.33534185637383	71.88223725269707	61.195552773324316	75.047822022808	63.32256548472196	63.42716005651527	55.184018968090754	51.61768999991098	50.6677910810906	57.36024077151295	46.99386080731601	42.29357512307597	39.938812282025	41.53670184741413	35.170539275800195	45.97768014789888	48.26805345671094	39.27401472460362	41.71643367053724	43.81717989121242	42.27872321769546	24.8813384483918	43.74063687916745	44.835171683180654	44.693712220352715	44.88371398599946	47.67339689661619	47.693712220352715	47.6780028840719	45.74063687916745	75.44656410477431	48.421776658479494	
115.61330259030764	32.22222222222222	83.85281385281385	44.25	91.63636363636364	86.88888888888889	87.60666666666667	82.4047619047619	84.03703703703704	98.14814814814815	103.25111111111111	87.25	95.75252525252525	90.00738396624473	99.46803652968036	106.3726037901194	103.14813374805598	108.17419753086419	105.04439252336448	105.5925925925926	107.44444444444444	108.35270724558808	111.36111111111111	107.15373197625107	107.80555555555556	108.38277668631304	106.5	104.0	108.53306569459005	108.0000212185082	106.24016260162601	104.56060606060606	110.97222222222223	103.43333333333334	104.75	105.53551912568307	105.85897435897436	106.79757462686567	105.2608225108225	106.89555555555556	104.31944444444444	103.75438596491227	103.89682539682539	101.97619047619048	101.41304347826087	108.06925792011019	104.18489583333333	98.36111111111111	102.00574712643679	102.9090909090909	107.92893875642824	106.04444444444445	108.92892436335994	107.43290043290044	102.73148148148148	106.42857142857143	106.96153846153847	109.88991271852363	106.83333333333333	108.73717948717949	104.86363636363636	106.20138888888889	112.22222222222223	108.5	108.73391812865498	107.36585365853658	107.99984674221096	109.04681606354356	
103.09785540688513	83.85281385281385	74.48718164951931	81.11502782931355	71.66706021251476	70.92207792207792	71.15038961038961	70.2012987012987	70.22366522366522	73.62285189557917	77.09376623376623	67.81709956709956	68.07117557766908	67.23635541673517	66.6917808219178	83.02373768196969	70.92928339156956	77.27167388167388	76.29830683335356	81.68759018759019	79.28138528138528	78.1024104129344	81.85497835497836	75.15374987607812	81.1017316017316	79.48461459954584	76.64442454097626	77.17613636363636	79.14206239533839	77.93957979270527	73.39185302502376	71.4551357733176	71.50432900432901	71.23506493506494	71.63931523022433	72.11273153076432	73.8976023976024	72.85768802093429	72.24321133412043	73.10813852813853	69.44994588744589	69.95959595959596	71.22634508348794	70.30936920222635	72.94946357989836	77.28191075453472	74.87763798701299	73.43073593073593	75.33922973578146	75.83293978748524	81.59696544689533	76.36493506493507	79.6142027869508	79.63663349637376	79.1948051948052	78.86920222634508	80.33701714951715	88.50289846834421	80.29667207792208	80.44468031968032	78.49763872491145	79.09334415584415	79.13744588744589	78.98376623376623	78.8830599225336	79.74786189420335	77.93963740646299	83.46124698496962	
101.79872072216436	44.25	81.11502782931355	47.08163265306123	88.33766233766234	85.16071428571429	84.10285714285715	81.04081632653062	82.30952380952381	90.32756132756133	101.03142857142858	83.42857142857143	89.19449598021026	82.1509945750452	90.573385518591	94.05204763469634	94.60081093090425	96.98	100.70594125500668	106.38095238095238	99.03571428571429	97.20626687042783	103.85714285714286	97.46510359869139	103.70238095238095	102.20656749929834	99.05172413793103	98.79464285714286	99.42141359545819	97.54945630098757	97.49428571428571	97.78571428571429	100.33333333333333	93.03571428571429	95.56060606060606	92.28571428571429	94.85714285714286	95.70908848614073	93.33601319315605	96.6847619047619	92.38095238095238	92.19131161236425	91.83673469387755	90.20918367346938	90.79813664596273	95.14654048602912	92.43415178571429	87.73809523809524	89.99507389162562	91.2012987012987	95.14746543778801	93.79523809523809	95.63137318781561	94.62755102040816	91.49404761904762	93.81632653061224	94.41437728937728	96.79004362245551	94.46428571428571	95.55494505494505	93.01298701298701	93.87202380952381	97.71428571428571	94.72619047619048	95.16102756892231	94.48780487804878	97.54901184093256	96.9426810058979	
94.68280108998	91.63636363636364	71.66706021251476	88.33766233766234	21.90082644628099	71.12121212121212	74.74545454545455	71.28571428571429	73.48484848484848	75.00612182430365	60.24363636363636	56.696969696969695	57.58953168044077	61.07537399309551	53.06973848069738	74.58627351397644	60.45192987416937	50.37239057239057	57.071367884451995	66.4949494949495	52.46969696969697	50.302551527623386	46.696969696969695	50.02307425399029	58.40909090909091	52.64654402571888	50.68652037617555	49.60227272727273	50.97694133751505	51.10468568959509	51.46829268292683	50.421487603305785	52.484848484848484	48.627272727272725	49.87465564738292	48.049180327868854	51.74125874125874	51.71641791044776	60.24478551751279	51.32484848484849	64.60227272727273	56.186071238702816	54.2034632034632	59.76623376623377	54.41501976284585	50.83929689456549	56.37215909090909	56.39393939393939	60.06112852664577	59.80165289256198	61.45390794338901	56.7939393939394	51.45091738364258	58.339905548996455	53.26767676767677	52.922077922077925	54.43138111888112	74.10241553987235	51.77272727272727	53.62412587412587	50.99173553719008	52.29545454545455	51.56060606060606	52.46969696969697	51.845295055821374	52.48558758314856	51.104985229378684	63.15247013057232	
117.59154878378098	86.88888888888889	70.92207792207792	85.16071428571429	71.12121212121212	50.02777777777778	57.626666666666665	50.0	48.51851851851852	72.3891694725028	72.3788888888889	59.986111111111114	62.088023088023085	66.13713080168776	64.42123287671232	90.56072224047907	69.98107827890098	84.36666666666666	75.04205607476635	79.4074074074074	84.75	85.49472780149323	87.86111111111111	80.80338210347752	83.79166666666667	83.2251146037983	82.8735632183908	84.0625	86.0727091870771	84.71227585003702	76.38032520325203	73.21212121212122	74.18055555555556	75.86666666666666	75.04292929292929	75.67486338797814	77.09615384615384	75.53917910447761	73.84734247234248	75.07666666666667	68.13888888888889	69.71539961013646	72.22619047619048	72.35119047619048	75.34420289855072	83.69504706152433	77.81119791666667	75.875	80.1566091954023	80.89393939393939	86.60518934081347	79.58611111111111	86.57117065754466	84.2965367965368	84.76851851851852	84.11904761904762	86.0604967948718	97.28920414309725	88.17708333333333	86.12179487179488	83.99242424242425	84.72916666666667	84.125	87.75	85.94809941520468	85.95528455284553	84.71256737448186	91.45475611169041	
112.02150931638313	87.60666666666667	71.15038961038961	84.10285714285715	74.74545454545455	57.626666666666665	57.184	58.2	57.053333333333335	70.51744107744108	77.32426666666667	64.46	64.24155844155844	65.21240506329114	65.14082191780822	87.74598313068245	72.14264385692069	85.83875555555555	78.85289719626168	84.69333333333333	87.37333333333333	86.8999010187248	88.71333333333334	83.17117048346056	85.58666666666667	85.18836935166995	84.13103448275862	85.34	87.44738778233108	86.14009703931082	79.66712195121951	77.10909090909091	75.40666666666667	77.576	77.53090909090909	77.3488524590164	80.98461538461538	79.21932835820895	75.12132756132756	79.77546666666667	71.27666666666667	71.98432748538012	73.11428571428571	71.07714285714286	76.28173913043479	85.11673898071625	78.595	75.3	79.06758620689655	81.69090909090909	87.62260869565218	80.24666666666667	87.4194298745724	85.0881038961039	87.76777777777778	84.99428571428571	87.55730769230769	95.21999232127774	88.005	88.24230769230769	86.10545454545455	86.6725	84.31333333333333	87.72	86.39228070175439	87.4819512195122	86.14030811889032	91.00090526397096	
117.47665340206002	82.4047619047619	70.2012987012987	81.04081632653062	71.28571428571429	50.0	58.2	42.775510204081634	44.34920634920635	73.55892255892256	71.6152380952381	49.38095238095238	60.308596165739026	65.28842676311031	64.01565557729941	90.86582789540397	70.00211064207954	82.93079365079365	74.75567423230974	79.22222222222223	83.5952380952381	84.03192231160394	86.92857142857143	79.97446383133406	86.19047619047619	82.59051361212461	82.35467980295566	82.75	84.3830989367061	83.33166751203898	75.97087108013937	74.1038961038961	73.83333333333333	75.28571428571429	75.38311688311688	75.32786885245902	74.92307692307692	75.13379530916845	74.22737579880437	74.31238095238095	68.79166666666667	69.69590643274854	72.62585034013605	72.88775510204081	74.34782608695652	82.43734012199921	77.09151785714286	75.28571428571429	79.69211822660098	79.35064935064935	85.545782408335	79.0047619047619	84.49714937286203	83.23191094619666	84.32936507936508	83.48979591836735	84.43589743589743	96.91619954439581	86.875	84.43956043956044	85.68831168831169	84.76190476190476	82.26190476190476	86.95238095238095	84.3796992481203	82.96515679442508	83.33174214696984	90.60550424549382	
118.53727591865561	84.03703703703704	70.22366522366522	82.30952380952381	73.48484848484848	48.51851851851852	57.053333333333335	44.34920634920635	43.01234567901235	72.36026936026936	72.09777777777778	57.01851851851852	61.68879268879269	66.26300984528832	64.92998477929984	91.35352539526052	70.02255054432348	84.88905349794238	75.09086188992731	79.18518518518519	84.87037037037037	86.00928587220871	88.44444444444444	80.88648572236359	85.12962962962963	83.65466055446409	83.26053639846744	84.31944444444444	86.42715249319652	85.17418666314596	76.47523035230353	73.78787878787878	74.5925925925926	76.38888888888889	75.85690235690235	76.93442622950819	76.74358974358974	75.99689054726367	74.487974987975	75.11111111111111	67.97685185185185	70.3885640025991	73.64550264550265	72.87301587301587	76.33816425120773	84.38651668197123	78.69791666666667	77.16666666666667	80.53448275862068	80.46464646464646	87.3400342839333	80.84814814814816	87.0738629165083	85.16017316017316	86.01851851851852	85.60317460317461	86.84223646723646	98.15753040916213	89.92361111111111	86.35470085470085	85.87878787878788	86.04398148148148	87.01851851851852	88.68518518518519	86.61890838206628	86.1029810298103	85.17445452016165	92.13704690671439	
90.75041602330192	98.14814814814815	73.62285189557917	90.32756132756133	75.00612182430365	72.3891694725028	70.51744107744108	73.55892255892256	72.36026936026936	59.01225498531896	76.09324354657689	69.29797979797979	64.42752197297652	63.02881131995056	60.434943037682764	68.87080539945038	54.39370375606767	71.05491956603068	71.63176940747034	78.327721661055	75.41919191919192	71.89612858460968	78.50280583613917	65.59767094181852	77.38888888888889	75.40421900736243	71.23487751073958	73.36910774410775	74.55747883549752	71.59720998764469	60.90021187484602	64.11233547597185	63.69416386083053	62.963299663299665	61.94959697990001	64.97532704090081	63.08754208754209	58.62706668676818	56.82258370137158	60.16053872053872	51.75014029180696	56.500324886289796	61.229116562449896	60.527898027898026	62.50065876152833	68.66142398502936	64.25499789562289	63.70987654320987	65.30001161035644	65.88735843281297	71.40974967061923	65.24556677890011	71.18569964179999	69.61288644015917	70.4884960718294	69.76863876863877	71.43575174825175	77.05238879361585	71.76725589225589	72.13163688163688	70.32782369146005	70.57961560044893	70.68462401795735	69.87093153759821	70.16270896095457	71.63808819906382	71.59713869255935	74.22402402349685	
113.38845973286803	103.25111111111111	77.09376623376623	101.03142857142858	60.24363636363636	72.3788888888889	77.32426666666667	71.6152380952381	72.09777777777778	76.09324354657689	44.1888	63.595555555555556	57.818816738816736	67.78776371308017	55.61388127853881	85.94163508233834	59.359160186625196	51.199644444444445	44.369532710280374	41.08296296296297	52.40222222222222	52.67427790722064	49.60444444444445	47.416802374893976	45.284444444444446	46.78106090373281	43.964137931034486	44.693333333333335	50.423215794656755	52.47062009911401	47.034211382113824	39.84848484848485	40.78	45.58533333333333	43.44989898989899	56.4327868852459	50.21025641025641	51.91848258706467	63.11337181337181	50.25351111111111	66.56888888888889	60.06565302144249	61.94984126984127	68.8647619047619	64.87536231884059	58.825503902662994	67.73541666666667	72.43333333333334	74.4377011494253	71.72848484848485	78.46662926601215	68.05955555555556	65.33290763968073	74.30924675324675	70.39259259259259	67.98285714285714	71.05303418803419	91.24101290878531	69.73416666666667	68.37384615384616	68.95151515151515	68.78777777777778	66.50666666666666	63.45111111111111	65.58561403508772	67.24552845528456	52.47130834995591	72.66321927419251	
103.7822542115868	87.25	67.81709956709956	83.42857142857143	56.696969696969695	59.986111111111114	64.46	49.38095238095238	57.01851851851852	69.29797979797979	63.595555555555556	22.27777777777778	49.40548340548341	54.43987341772152	50.91552511415525	78.09811224303502	58.92599792638673	65.1041975308642	63.74065420560748	69.70370370370371	65.83333333333333	65.80612198620157	67.08333333333333	63.75031806615776	78.33333333333333	66.94466273739359	65.91379310344827	63.875	66.19171908256298	65.58510979399186	61.55853658536585	61.56060606060606	58.083333333333336	58.88333333333333	61.03787878787879	57.822404371584696	60.48717948717949	59.86847014925373	61.195767195767196	60.14888888888889	57.4375	56.085769980506825	57.87301587301587	63.357142857142854	57.78260869565217	64.1919191919192	60.703125	62.666666666666664	65.19540229885058	65.13636363636364	68.82491818606826	61.43333333333333	65.3276320790574	66.0982683982684	65.85648148148148	66.52380952380952	66.0269764957265	82.24008804934859	63.791666666666664	67.33333333333333	68.95454545454545	66.86111111111111	58.02777777777778	67.52777777777777	65.2046783625731	64.22764227642277	65.58505571510085	74.39407207868278	
94.02800081039004	95.75252525252525	68.07117557766908	89.19449598021026	57.58953168044077	62.088023088023085	64.24155844155844	60.308596165739026	61.68879268879269	64.42752197297652	57.818816738816736	49.40548340548341	45.689361143906595	48.72973861581457	40.032675087469606	69.0345087417056	51.65240384291706	53.730838544171874	55.37975887041308	62.01683501683502	57.168109668109665	54.793471986043286	61.61327561327561	52.411814436623594	63.86940836940837	59.39601459444288	56.3209434243917	57.86796536796537	56.807956180228175	55.14939354564211	50.44345898004435	48.50177095631641	46.96681096681097	47.2995670995671	46.9851764397219	46.545170676318214	49.36729936729937	48.64562738256768	51.48552001149404	49.645714285714284	50.54960317460318	47.35201640464798	47.42094413522985	50.58441558441559	49.80952380952381	52.833407868531836	52.18905573593074	54.347041847041844	56.94103597551874	56.81739472648564	61.28547142432135	52.842279942279944	55.193008435881865	58.16515994827683	57.06325156325156	55.426716141001855	57.233904983904985	73.30147140052692	56.53138528138528	56.78479853479853	55.62258953168044	55.800144300144304	53.73015873015873	54.75468975468976	54.6299460773145	55.79695913842255	55.149253244150465	64.40166867208924	
79.01067591797197	90.00738396624473	67.23635541673517	82.1509945750452	61.07537399309551	66.13713080168776	65.21240506329114	65.28842676311031	66.26300984528832	63.02881131995056	67.78776371308017	54.43987341772152	48.72973861581457	43.48630027239224	40.5126582278481	59.01828641788375	53.709087150815996	51.64811533052039	63.29122796640246	73.64838255977496	58.515822784810126	52.86241477886152	64.95991561181435	53.56830370084066	70.21835443037975	65.1351371515257	60.38083806198167	62.22231012658228	57.56525356868413	54.13058138533402	53.49456004939796	53.55696202531646	50.55801687763713	48.22911392405063	49.372554660529346	43.209172027391574	48.50681596884129	48.82285565841678	48.03344475496374	50.83957805907173	46.427215189873415	44.53023909985935	42.9089813140446	42.37658227848101	44.71463951568519	48.812684708128465	46.10710047468354	45.542194092827	47.59853775643823	48.20195627157653	52.233112006675306	47.15	49.92495994688452	50.251495972382045	50.759317862165965	49.07323688969259	50.61345748133723	61.673278305730435	49.982990506329116	50.80270204479065	49.49769850402762	49.857990506329116	48.520042194092824	49.16139240506329	49.297024206084835	49.67536276628589	54.1298517282375	57.80991746950816	
81.88564157854795	99.46803652968036	66.6917808219178	90.573385518591	53.06973848069738	64.42123287671232	65.14082191780822	64.01565557729941	64.92998477929984	60.434943037682764	55.61388127853881	50.91552511415525	40.032675087469606	40.5126582278481	28.218052167386002	58.326528284842674	45.14938537250474	42.982100456621005	51.07457431826911	58.946727549467276	49.054794520547944	44.22976278368353	55.44063926940639	43.44784586426854	60.269406392694066	54.06289528218102	49.27161076995749	50.830479452054796	47.50687477235313	45.168657298614555	42.58829268292683	41.118306351183065	37.97945205479452	37.97534246575343	37.34474885844749	34.70559173590838	39.55532139093783	39.56046820691065	42.118533673328194	41.36091324200913	41.47488584474886	37.63598493951774	36.15133724722766	38.316046966731896	38.81298391899941	41.45861164572248	40.81185787671233	43.705479452054796	45.28271138403401	44.63636363636363	48.80249380391554	41.39543378995434	43.23523531341279	45.935118306351185	45.06354642313546	42.66536203522505	45.00076835265192	61.12907861994778	44.42294520547945	44.84193888303477	42.9813200498132	43.53453196347032	42.470319634703195	42.07990867579909	42.58567652006729	43.910791847644504	45.16810535195579	53.267700214105574	
35.22593592025583	106.3726037901194	83.02373768196969	94.05204763469634	74.58627351397644	90.56072224047907	87.74598313068245	90.86582789540397	91.35352539526052	68.87080539945038	85.94163508233834	78.09811224303502	69.0345087417056	59.01828641788375	58.326528284842674	31.756284986696627	58.955350193110775	54.509534612934765	75.65495191968084	88.34524896240309	66.08188191477709	53.85790872372923	73.27093146383321	56.414060956095234	77.7187169094826	72.8391098468341	67.06482562202304	70.65354912914887	64.11137798055482	56.42556781381064	56.40450347191609	63.52119618797239	59.773377880016064	53.322521634352064	55.39219669584441	40.59181243703636	47.57767722473605	46.696342474286475	39.20905137632052	49.91906671048308	38.855574725234604	40.148289078119404	35.78811114762478	34.10403267452232	32.79276267222944	40.38915632892122	30.889093137254903	28.39447548106766	27.310932194106694	28.064469871239506	26.671215614988345	30.234366670318035	34.74622067857229	28.119765183879544	30.10707635009311	30.951723706242273	30.628010447123987	28.81020681322173	31.82867099353708	32.85686780083757	31.910495025841723	32.06164649286158	33.70385584401358	34.049092635191876	33.768116067361966	33.14532887688391	56.424374170526455	41.77975872499241	
86.25732715940083	103.14813374805598	70.92928339156956	94.60081093090425	60.45192987416937	69.98107827890098	72.14264385692069	70.00211064207954	70.02255054432348	54.39370375606767	59.359160186625196	58.92599792638673	51.65240384291706	53.709087150815996	45.14938537250474	58.955350193110775	37.339378012765785	49.49167041069063	52.38484542375838	59.3739415932262	53.766588906169	50.4055748533297	57.72045101088647	42.88432779710248	57.127268014515295	54.91160968813305	50.20778141255966	53.08320373250389	53.4741978433671	50.49932041375145	37.6059560748018	42.752933691502896	42.47407983411094	40.89393468118196	39.113365380083884	45.304757412742525	40.62884316305778	35.16974565353636	39.16271692710262	37.810813893208916	35.89427812337999	38.62953716587997	44.3669925201807	48.98839146856254	45.43119886402056	47.46099282804005	47.490753790824265	51.60225505443235	53.13913766289483	51.82744238654036	56.08261589367861	47.37568688439606	51.00582982066319	53.219429015774274	52.41880508035251	51.13652521661853	52.60240334768912	66.42254728813126	52.70047628304821	52.59989233161861	51.47949950516047	51.31313180404354	50.60743908761016	50.561949196474856	50.254433712586284	51.89828547585631	50.49919052605708	58.415619536711645	
73.47971491152148	108.17419753086419	77.27167388167388	96.98	50.37239057239057	84.36666666666666	85.83875555555555	82.93079365079365	84.88905349794238	71.05491956603068	51.199644444444445	65.1041975308642	53.730838544171874	51.64811533052039	42.982100456621005	54.509534612934765	49.49167041069063	12.858507544581618	39.95205953617169	45.419259259259256	17.31962962962963	14.872031031014007	25.299506172839507	20.007019131090377	32.243086419753084	26.112879283999128	21.129757343550448	23.84462962962963	16.21521707593422	17.357132735128577	28.71144859981933	27.01131313131313	21.788024691358025	20.57874074074074	24.900224466891135	26.650382513661203	18.5985754985755	26.53518933112217	38.706808294586075	22.811674074074073	43.34046296296296	36.47639592809183	34.114285714285714	42.7831746031746	34.26528180354267	21.702558795020916	35.64376157407408	42.92641975308642	43.6014687100894	39.44518518518519	39.69155784115111	34.93891358024691	26.425825414924617	37.236150072150075	32.53440329218107	31.192910052910054	31.87801519468186	52.96107297345721	30.221666666666668	28.88434472934473	29.375757575757575	29.327916666666667	27.43679012345679	26.570864197530863	27.400760233918128	28.088527551942185	17.35649543186997	35.96552337897702	
102.12303170185244	105.04439252336448	76.29830683335356	100.70594125500668	57.071367884451995	75.04205607476635	78.85289719626168	74.75567423230974	75.09086188992731	71.63176940747034	44.369532710280374	63.74065420560748	55.37975887041308	63.29122796640246	51.07457431826911	75.65495191968084	52.38484542375838	39.95205953617169	38.556642501528515	35.311007268951194	37.72274143302181	40.87932101331115	36.81697819314642	36.85135906399372	33.624610591900314	34.21216238547271	32.742346116661295	33.106308411214954	37.23887320073641	40.645564452639825	38.11704125826305	32.91546304163126	33.04595015576324	36.663084112149534	35.502832058906826	47.92714876666156	39.34615384615385	41.96783024131678	53.53380601745088	40.164859813084114	56.656931464174455	51.18809094387058	52.771695594125504	60.498998664886514	54.80008126777733	48.62841778018074	57.306804906542055	63.00545171339564	64.6840960360941	61.739592183517416	67.23200639656054	57.35389408099689	54.968136915355025	63.411457701177326	60.49234164070613	57.96595460614152	60.269170860292355	80.18583596287709	59.16355140186916	58.16256290438533	57.48598130841121	57.75954049844237	55.338006230529594	53.81386292834891	55.13321856041974	57.257009345794394	40.64630695884674	61.56716822754752	
117.24071650637364	105.5925925925926	81.68759018759019	106.38095238095238	66.4949494949495	79.4074074074074	84.69333333333333	79.22222222222223	79.18518518518519	78.327721661055	41.08296296296297	69.70370370370371	62.01683501683502	73.64838255977496	58.946727549467276	88.34524896240309	59.3739415932262	45.419259259259256	35.311007268951194	10.88888888888889	42.092592592592595	46.78996997303431	32.833333333333336	41.58912920554142	32.46296296296296	31.170050207378303	32.1992337164751	30.458333333333332	38.34790389360103	45.40242393950682	43.115121951219514	38.43434343434343	31.25925925925926	45.644444444444446	40.89225589225589	58.78688524590164	44.452991452991455	49.43014096185738	63.41005291005291	43.297777777777775	65.92129629629629	61.43014944769331	64.74074074074075	71.24603174603175	68.4927536231884	60.16681014692379	70.61805555555556	75.77777777777777	79.16475095785441	73.73737373737374	81.75767492597787	70.56296296296296	67.93513239579374	77.08369408369408	76.83641975308642	69.80952380952381	74.58564814814815	94.79218533591566	74.92361111111111	72.60470085470085	72.37373737373737	72.34027777777777	73.57407407407408	65.87037037037037	69.046783625731	71.25745257452574	45.40412428499347	72.01315563622944	
85.24896657734571	107.44444444444444	79.28138528138528	99.03571428571429	52.46969696969697	84.75	87.37333333333333	83.5952380952381	84.87037037037037	75.41919191919192	52.40222222222222	65.83333333333333	57.168109668109665	58.515822784810126	49.054794520547944	66.08188191477709	53.766588906169	17.31962962962963	37.72274143302181	42.092592592592595	0.0	17.253252606336844	5.555555555555555	23.161683630195082	20.666666666666668	13.150294695481335	13.574712643678161	13.770833333333334	7.956907779789701	17.383185039537153	32.70065040650407	23.636363636363637	26.75	29.033333333333335	28.093434343434343	38.095628415300546	27.32051282051282	36.254975124378106	50.75913900913901	30.326666666666668	56.076388888888886	48.13157894736842	46.61904761904762	57.82142857142857	46.471014492753625	32.96028466483012	48.015625	58.22222222222222	56.910919540229884	52.484848484848484	51.40930341280973	47.16111111111111	38.02242493348537	49.2047619047619	44.98148148148148	43.976190476190474	43.5940170940171	64.5889451995188	43.4375	40.50961538461539	41.666666666666664	40.96527777777778	40.72222222222222	36.94444444444444	39.60672514619883	40.6910569105691	17.383417978789122	43.49543473783133	
72.22027967889818	108.35270724558808	78.1024104129344	97.20626687042783	50.302551527623386	85.49472780149323	86.8999010187248	84.03192231160394	86.00928587220871	71.89612858460968	52.67427790722064	65.80612198620157	54.793471986043286	52.86241477886152	44.22976278368353	53.85790872372923	50.4055748533297	14.872031031014007	40.87932101331115	46.78996997303431	17.253252606336844	-63.907250042991066	23.832063470467183	21.270876659765594	30.966484690782725	25.26798826584163	21.51908107749897	23.12589712410075	-22.356173246605206	-537.8637181357159	29.734267506623432	28.336726505862035	22.973437756877953	22.409675334614533	26.168255025982198	26.660322649626863	19.527034080904045	27.571270725489544	39.22980610908977	23.47616456062178	44.03883356859811	37.080515849963234	33.7305841774115	42.60155784962329	33.16376128845729	21.031221465976657	34.496721883025224	42.484866522673286	42.79674971014637	38.50812397860817	38.394005780073684	33.65953219159056	25.096248446890836	35.9533192211282	31.207172835516854	29.893484583071142	30.600907491885653	-59.52856324632727	28.80780179084678	27.6613175001668	28.1867656994785	28.07525106719502	25.956011156652323	25.212883439060754	26.00596367106136	26.84379691209283	-536.4323075505706	120.6798963940829	
93.66813111485013	111.36111111111111	81.85497835497836	103.85714285714286	46.696969696969695	87.86111111111111	88.71333333333334	86.92857142857143	88.44444444444444	78.50280583613917	49.60444444444445	67.08333333333333	61.61327561327561	64.95991561181435	55.44063926940639	73.27093146383321	57.72045101088647	25.299506172839507	36.81697819314642	32.833333333333336	5.555555555555555	23.832063470467183	0.0	28.85008481764207	13.13888888888889	11.143418467583498	17.350574712643677	13.458333333333334	12.32005861050224	23.20710678567892	37.64308943089431	32.303030303030305	28.416666666666668	35.81666666666667	36.37373737373738	45.58196721311475	34.44871794871795	42.762748756218905	57.79449254449254	35.202222222222225	63.94444444444444	55.53898635477583	53.54761904761905	62.714285714285715	53.54347826086956	40.45223542240588	55.2265625	59.44444444444444	63.14080459770115	60.10606060606061	59.42940626460963	54.65	46.42075256556443	56.58874458874459	51.43981481481482	52.07142857142857	52.037393162393165	72.73357393329749	51.145833333333336	48.69551282051282	49.984848484848484	48.920138888888886	47.22222222222222	47.416666666666664	46.92836257309941	47.97560975609756	23.20789772754066	50.684758750756316	
79.78369087085314	107.15373197625107	75.15374987607812	97.46510359869139	50.02307425399029	80.80338210347752	83.17117048346056	79.97446383133406	80.88648572236359	65.59767094181852	47.416802374893976	63.75031806615776	52.411814436623594	53.56830370084066	43.44784586426854	56.414060956095234	42.88432779710248	20.007019131090377	36.85135906399372	41.58912920554142	23.161683630195082	21.270876659765594	28.85008481764207	19.605461997164113	30.112383375742155	26.38437139129261	21.001096779854347	23.955152671755727	22.172310878402154	22.787628801653884	24.240777012350275	23.68054591718714	20.472858354537745	21.032315521628497	22.16274385072095	30.924925958369833	20.01492464278724	23.69361921309483	36.66621733511047	22.367650551314675	41.07840330788804	35.92945999434549	36.26369199079123	45.3120683387859	36.232520190286536	26.762924394885708	37.79961832061068	45.52300678541137	46.33427656400807	42.661693268563496	45.19276236666203	36.74531382527566	32.613428847476214	41.881970192657214	38.47337079445858	36.33287895310796	37.97279718796894	58.386098464665864	36.66086195928753	35.63454198473283	35.59432107332871	35.36064726463104	33.13687446988974	32.785941475826974	33.0476150618276	34.6730900515112	22.787559011448202	41.24310089530716	
102.18381421241769	107.80555555555556	81.1017316017316	103.70238095238095	58.40909090909091	83.79166666666667	85.58666666666667	86.19047619047619	85.12962962962963	77.38888888888889	45.284444444444446	78.33333333333333	63.86940836940837	70.21835443037975	60.269406392694066	77.7187169094826	57.127268014515295	32.243086419753084	33.624610591900314	32.46296296296296	20.666666666666668	30.966484690782725	13.13888888888889	30.112383375742155	1.1111111111111112	11.834643091028159	18.04022988505747	16.125	19.920466819149276	29.784408168654135	36.838373983739835	30.40909090909091	31.13888888888889	37.88333333333333	38.005050505050505	51.275956284153004	33.92307692307692	42.964863184079604	57.386243386243386	38.757777777777775	61.65277777777778	54.99707602339181	54.801587301587304	66.27380952380952	54.572463768115945	46.78578397612488	57.333333333333336	65.72222222222223	67.29310344827586	63.86363636363637	66.94202898550725	56.8	53.370581527936146	63.47402597402598	62.657407407407405	62.476190476190474	60.331463675213676	80.24386768708354	58.489583333333336	56.455128205128204	57.56060606060606	57.732638888888886	53.5	52.19444444444444	53.91374269005848	59.34146341463415	29.7858422812304	57.519200813604705	
95.34033009370926	108.38277668631304	79.48461459954584	102.20656749929834	52.64654402571888	83.2251146037983	85.18836935166995	82.59051361212461	83.65466055446409	75.40421900736243	46.78106090373281	66.94466273739359	59.39601459444288	65.1351371515257	54.06289528218102	72.8391098468341	54.91160968813305	26.112879283999128	34.21216238547271	31.170050207378303	13.150294695481335	25.26798826584163	11.143418467583498	26.38437139129261	11.834643091028159	11.32562403263844	14.239008197276608	10.898084479371317	15.09627907986932	24.60973641332509	34.440341175906845	28.03411323450616	27.754747871643747	32.98565815324165	33.53947133416681	45.783986601822924	32.618709384917636	39.79513165997126	54.750957512254175	34.439214145383104	60.43983300589391	52.90322728891646	51.827205538403966	61.31714847039012	51.73921585376271	41.044044492523014	53.53220162082515	61.01015062213491	61.70394959691078	57.85033041614574	60.686448967670295	52.867125081859854	47.452227073453216	57.35796953537621	54.17430691988649	51.74824586023014	53.2360460430205	74.00948752147289	51.75049115913556	50.603785703491006	50.556706554741915	50.466928618205635	48.294040602488536	46.84905042567125	47.88337986419881	49.93013560783938	24.610794514226264	51.768128766587175	
89.93907981511208	106.5	76.64442454097626	99.05172413793103	50.68652037617555	82.8735632183908	84.13103448275862	82.35467980295566	83.26053639846744	71.23487751073958	43.964137931034486	65.91379310344827	56.3209434243917	60.38083806198167	49.27161076995749	67.06482562202304	50.20778141255966	21.129757343550448	32.742346116661295	32.1992337164751	13.574712643678161	21.51908107749897	17.350574712643677	21.001096779854347	18.04022988505747	14.239008197276608	9.077288941736029	9.288793103448276	14.55196239200518	21.55026859704687	28.947317073170733	22.670846394984327	21.50574712643678	26.079310344827586	26.91327063740857	38.51950254381006	25.23342175066313	33.598880597014926	48.23207443897099	28.30896551724138	53.7183908045977	46.22423875781408	45.0	54.52709359605911	45.43478260869565	35.35335625059371	47.27316810344828	53.724137931034484	54.64387633769322	50.03134796238245	54.93001886153697	46.96781609195402	42.07545315141745	51.66981639050604	47.71647509578544	44.12315270935961	47.59670645446508	68.55896420214987	47.02370689655172	44.90119363395225	45.62068965517241	45.11566091954023	42.94827586206897	40.95977011494253	42.561705989110706	44.15811606391926	21.55107582089669	47.06946325528002	
93.00423755219045	104.0	77.17613636363636	98.79464285714286	49.60227272727273	84.0625	85.34	82.75	84.31944444444444	73.36910774410775	44.693333333333335	63.875	57.86796536796537	62.22231012658228	50.830479452054796	70.65354912914887	53.08320373250389	23.84462962962963	33.106308411214954	30.458333333333332	13.770833333333334	23.12589712410075	13.458333333333334	23.955152671755727	16.125	10.898084479371317	9.288793103448276	2.46875	13.43265748594301	22.625505707778704	32.563048780487804	28.431818181818183	25.083333333333332	30.7125	31.168560606060606	41.61065573770492	32.15384615384615	37.78731343283582	52.65602453102453	31.993333333333332	57.1875	50.349415204678365	49.017857142857146	58.544642857142854	48.54891304347826	38.582224948347104	50.662109375	56.833333333333336	57.71120689655172	52.61363636363637	58.25876577840112	50.766666666666666	45.149657924743444	54.56461038961039	50.84375	49.125	50.75620993589744	71.6691366556605	50.703125	47.47355769230769	49.04545454545455	48.5234375	47.583333333333336	42.645833333333336	46.00548245614035	46.30487804878049	22.626582681398276	49.5461744004171	
83.23017264056205	108.53306569459005	79.14206239533839	99.42141359545819	50.97694133751505	86.0727091870771	87.44738778233108	84.3830989367061	86.42715249319652	74.55747883549752	50.423215794656755	66.19171908256298	56.807956180228175	57.56525356868413	47.50687477235313	64.11137798055482	53.4741978433671	16.21521707593422	37.23887320073641	38.34790389360103	7.956907779789701	-22.356173246605206	12.32005861050224	22.172310878402154	19.920466819149276	15.09627907986932	14.55196239200518	13.43265748594301	9.218459219281021	-38.287516266823275	32.06948423222915	27.12908822331771	23.556327234029034	26.514466787382066	29.47361697119869	37.11671012525134	26.26778841572037	34.53067147821362	48.702193787131364	28.586574859430097	54.41606706058007	46.36740018268932	44.71911092655875	53.851952321956134	44.48870468511098	30.97831159174659	45.826667927427806	53.90537342355221	54.10349633745978	49.68777236772567	49.465317524846924	45.03579846882048	36.01602509942829	47.085859558815336	42.24527330389572	40.98304652080979	41.605004946826575	62.68182440989041	39.78451408081578	38.542814257123794	39.25650433622415	39.099327627148256	36.834206931605195	36.13979954890562	36.98955632075519	37.74020020315518	-38.277254787695774	3510.5960067288015	
75.44815647349958	108.0000212185082	77.93957979270527	97.54945630098757	51.10468568959509	84.71227585003702	86.14009703931082	83.33166751203898	85.17418666314596	71.59720998764469	52.47062009911401	65.58510979399186	55.14939354564211	54.13058138533402	45.168657298614555	56.42556781381064	50.49932041375145	17.357132735128577	40.645564452639825	45.40242393950682	17.383185039537153	-537.8637181357159	23.20710678567892	22.787628801653884	29.784408168654135	24.60973641332509	21.55026859704687	22.625505707778704	-38.287516266823275	140.36115234013798	30.759173409724564	28.840591134778677	24.334344748890743	24.50008487403279	27.677740370333698	30.09663186908621	22.356549282977642	29.652461816713892	41.36959077305363	25.58478623531797	46.04106076037703	39.29736138544202	36.74414655455211	45.395313942984856	36.3055729642994	24.865180970932048	37.67608687387719	45.40305970888207	45.770881816811595	41.65485074386946	41.87217496494185	36.887470706670626	29.03296725505942	39.39585465670934	34.90325381893854	33.57076776645899	34.32921939103244	-99.1451224069779	32.65747315858713	31.537654419053567	31.997266027368017	31.87498821193989	29.792200076386628	29.108957039593736	29.847072503518426	30.73208683510597	140.4313903915703	-221.76526468257958	
82.7248399898469	106.24016260162601	73.39185302502376	97.49428571428571	51.46829268292683	76.38032520325203	79.66712195121951	75.97087108013937	76.47523035230353	60.90021187484602	47.034211382113824	61.55853658536585	50.44345898004435	53.49456004939796	42.58829268292683	56.40450347191609	37.6059560748018	28.71144859981933	38.11704125826305	43.115121951219514	32.70065040650407	29.734267506623432	37.64308943089431	24.240777012350275	36.838373983739835	34.440341175906845	28.947317073170733	32.563048780487804	32.06948423222915	30.759173409724564	23.726151576442593	25.51139689578714	24.31170731707317	23.75951219512195	22.77259423503326	33.277425029988	23.90341463414634	22.743529304696033	33.93744553549432	24.863154471544714	36.427723577235774	34.056043360433605	37.20957026713124	45.59372822299652	37.94345705196182	31.182047554256535	39.66574695121951	46.67512195121951	47.95673675357443	44.922660753880265	48.15786268942633	38.57635772357724	36.64470117084295	44.65137408932531	41.74124661246613	39.53114982578397	41.335659787367106	60.959545219870535	40.351341463414634	39.378517823639775	39.13321507760532	38.87987804878049	36.771544715447156	36.73528455284553	36.809139922978176	38.45556216537775	30.759108747011474	46.05066140863008	
90.03116980234198	104.56060606060606	71.4551357733176	97.78571428571429	50.421487603305785	73.21212121212122	77.10909090909091	74.1038961038961	73.78787878787878	64.11233547597185	39.84848484848485	61.56060606060606	48.50177095631641	53.55696202531646	41.118306351183065	63.52119618797239	42.752933691502896	27.01131313131313	32.91546304163126	38.43434343434343	23.636363636363637	28.336726505862035	32.303030303030305	23.68054591718714	30.40909090909091	28.03411323450616	22.670846394984327	28.431818181818183	27.12908822331771	28.840591134778677	25.51139689578714	10.545454545454545	17.59090909090909	22.39090909090909	21.146005509641874	35.30402384500745	25.79020979020979	28.362957937584802	40.96825396825397	27.014545454545456	45.49242424242424	39.01116427432217	40.125541125541126	48.285714285714285	42.126482213438734	34.77476208364638	44.63920454545455	49.36363636363637	50.56583072100314	48.87603305785124	55.13655488971057	44.481818181818184	41.844718565357105	51.098347107438016	46.093434343434346	46.246753246753244	47.99256993006993	68.17602423683972	46.96022727272727	45.47727272727273	47.6198347107438	46.22727272727273	40.621212121212125	44.95454545454545	42.39393939393939	45.24390243902439	28.840863113572382	49.2482076587916	
