0	328	397	329	218	212	203	1120	360	278	397	373	664	354	306	813	193	388	280	306	238	
328	0	69	1	110	116	142	1434	32	132	69	45	958	26	22	1140	135	60	78	22	246	
397	69	0	68	179	185	211	1503	37	201	0	24	1027	43	91	1209	204	9	147	91	315	
329	1	68	0	111	117	143	1435	31	133	68	44	959	25	23	1141	136	59	79	23	247	
218	110	179	111	0	6	32	1324	142	102	179	155	848	136	88	1030	25	170	75	88	174	
212	116	185	117	6	0	31	1318	148	100	185	161	842	142	94	1024	19	176	81	94	172	
203	142	211	143	32	31	0	1318	174	85	211	187	821	168	120	1001	29	202	82	120	143	
1120	1434	1503	1435	1324	1318	1318	0	1466	1394	1503	1479	1158	1460	1412	433	1299	1494	1395	1412	1354	
360	32	37	31	142	148	174	1466	0	164	37	13	990	6	54	1172	167	28	110	54	278	
278	132	201	133	102	100	85	1394	164	0	201	177	838	158	110	1013	98	192	71	110	128	
397	69	0	68	179	185	211	1503	37	201	0	24	1027	43	91	1209	204	9	147	91	315	
373	45	24	44	155	161	187	1479	13	177	24	0	1003	19	67	1185	180	15	123	67	291	
664	958	1027	959	848	842	821	1158	990	838	1027	1003	0	984	936	758	823	1018	881	936	713	
354	26	43	25	136	142	168	1460	6	158	43	19	984	0	48	1166	161	34	104	48	272	
306	22	91	23	88	94	120	1412	54	110	91	67	936	48	0	1118	113	82	56	1	224	
813	1140	1209	1141	1030	1024	1001	433	1172	1013	1209	1185	758	1166	1118	0	1005	1200	1070	1118	924	
193	135	204	136	25	19	29	1299	167	98	204	180	823	161	113	1005	0	195	100	113	167	
388	60	9	59	170	176	202	1494	28	192	9	15	1018	34	82	1200	195	0	138	82	306	
280	78	147	79	75	81	82	1395	110	71	147	123	881	104	56	1070	100	138	0	56	173	
306	22	91	23	88	94	120	1412	54	110	91	67	936	48	1	1118	113	82	56	0	224	
238	246	315	247	174	172	143	1354	278	128	315	291	713	272	224	924	167	306	173	224	0	
