0	30	1184	9	40	20	1	1142	53	45	232	87	31	15	915	8	8636	50	25	787	6	
30	0	1214	34	16	50	30	1172	53	15	262	117	1	45	945	38	8666	20	5	817	24	
1184	1214	0	1180	1208	1164	1184	169	1170	1225	952	1097	1214	1169	462	1176	7454	1234	1209	397	1190	
9	34	1180	0	36	25	8	1138	44	45	228	88	34	19	911	12	8632	54	29	784	10	
40	16	1208	36	0	60	39	1166	40	18	256	123	15	54	939	47	8660	26	16	814	34	
20	50	1164	25	60	0	21	1122	57	65	212	67	51	6	895	13	8616	70	45	767	26	
1	30	1184	8	39	21	0	1142	52	44	232	87	30	15	915	8	8636	50	25	787	6	
1142	1172	169	1138	1166	1122	1142	0	1128	1183	910	1055	1172	1127	529	1134	7494	1192	1167	355	1148	
53	53	1170	44	40	57	52	1128	0	57	254	122	52	52	905	52	8620	66	53	814	53	
45	15	1225	45	18	65	44	1183	57	0	273	128	14	59	956	52	8677	9	20	828	39	
232	262	952	228	256	212	232	910	254	273	0	145	262	217	683	224	8404	282	257	566	238	
87	117	1097	88	123	67	87	1055	122	128	145	0	117	72	828	79	8549	137	112	700	93	
31	1	1214	34	15	51	30	1172	52	14	262	117	0	45	945	38	8666	20	6	817	25	
15	45	1169	19	54	6	15	1127	52	59	217	72	45	0	900	7	8621	65	40	772	21	
915	945	462	911	939	895	915	529	905	956	683	828	945	900	0	907	7721	965	940	338	921	
8	38	1176	12	47	13	8	1134	52	52	224	79	38	7	907	0	8628	58	33	779	14	
8636	8666	7454	8632	8660	8616	8636	7494	8620	8677	8404	8549	8666	8621	7721	8628	0	8686	8661	7849	8642	
50	20	1234	54	26	70	50	1192	66	9	282	137	20	65	965	58	8686	0	25	837	44	
25	5	1209	29	16	45	25	1167	53	20	257	112	6	40	940	33	8661	25	0	812	19	
787	817	397	784	814	767	787	355	814	828	566	700	817	772	338	779	7849	837	812	0	793	
6	24	1190	10	34	26	6	1148	53	39	238	93	25	21	921	14	8642	44	19	793	0	
