93.64099722991689	110.4527625032731	121.31196172248804	112.44511278195489	81.24487534626039	104.23796366157548	100.51140350877193	81.32995951417004	90.41038011695906	97.66163875161048	98.01901528013582	84.87134502923976	92.95426497277677	86.66301369863014	88.06464320309978	84.61228070175439	86.2778947368421	95.06853008226781	105.39369026013308	104.36419174097097	106.9372601256227	90.18142414860681	91.50881272949816	90.70784508440913	100.35847549909256	93.72992481203008	100.84291497975708	106.7348032242769	104.40789473684211	105.25264565156206	106.30193905817174	108.8012759170654	109.58187134502924	109.71234930902676	106.8803324099723	113.53902084498043	112.65122807017543	107.19654710023467	113.74157894736842	105.33696454450183	
110.4527625032731	75.79986881512833	143.26334237901403	131.86176261549397	98.99564676616916	72.55598846141243	107.9110696517413	89.77133562954458	85.76361249309011	78.09431378002206	69.57611137859092	69.45923161967939	67.93034825870647	76.88564029169223	76.79598937826206	80.14925373134328	74.43756218905473	83.6216984756069	82.51033849635239	83.18733664679453	78.98531493765739	69.58311384255195	74.59083217632767	69.8052661222191	71.57057814376394	71.11293532338308	70.80989284347493	72.47755591412307	69.74751243781094	73.93595525048553	72.71471589421314	73.6249811548319	75.02990602542842	75.61062008393785	76.65017020162347	78.94307597067773	77.30696517412936	76.64693253477834	78.02383913764511	80.01731550566808	
121.31196172248804	143.26334237901403	108.71900826446281	105.62987012987013	121.73444976076556	147.4178789052869	113.14393939393939	116.09965034965035	126.97916666666667	143.7004185073239	138.79472140762462	128.73737373737373	140.76332288401255	139.25342465753425	141.0527049637479	135.62878787878788	137.90454545454546	151.67445642869373	160.20042916853262	159.26833898534233	159.7902356902357	137.27540106951872	139.58826638477802	137.40480274442538	147.62993730407524	142.07012987012988	149.83391608391608	152.52334152334151	147.72727272727272	152.93072435585805	153.74162679425837	156.32093663911846	155.8540404040404	157.27450482478415	156.66746411483254	163.1391502276176	159.98666666666668	157.80631152287202	161.25833333333333	156.86503133457197	
112.44511278195489	131.86176261549397	105.62987012987013	96.52607709750566	110.85275689223057	134.67970148152247	106.36904761904762	104.49633699633699	115.74140211640211	131.74254049445867	126.13287250384025	118.45502645502646	129.307881773399	127.1167645140248	128.82208588957056	126.21428571428571	126.22857142857143	140.50103129764148	150.25738134334193	149.2806685197316	149.9336664707035	125.04761904761905	127.8985326688815	126.19317160826594	135.48809523809524	131.16326530612244	139.5879120879121	141.19026169026168	138.27380952380952	142.1385918003565	146.11779448621553	146.22222222222223	146.37460317460318	147.55520085129024	147.26817042606515	153.50175590721872	149.5663492063492	147.96178343949043	152.10515873015873	146.50492713350044	
81.24487534626039	98.99564676616916	121.73444976076556	110.85275689223057	63.82583102493075	88.62950406819063	92.93640350877193	66.94483805668017	76.9718567251462	81.0331519335423	83.30135823429542	68.53874269005848	76.6842105263158	67.9242970439798	69.0687762350662	66.1798245614035	67.74407894736842	75.64067301020914	87.16587697692508	86.05339310290847	89.15335445094217	73.5657894736842	74.59283200734394	74.79716981132076	83.54346642468239	77.02857142857142	84.24291497975709	90.79895685158843	89.13322368421052	88.69930340557275	90.20775623268698	92.87998405103669	93.80891812865497	93.47408850338135	89.8393351800554	96.78241753853526	96.53701754385965	89.97506704659739	97.73322368421053	87.83842689789466	
104.23796366157548	72.55598846141243	147.4178789052869	134.67970148152247	88.62950406819063	44.522261223758214	106.46474234792716	80.9672756534438	75.54565144862026	54.636488124552585	56.107710189848895	50.12215334280425	57.038724632259616	51.408543996433366	48.88869701428324	64.70547591372853	49.335015497869044	60.62216209866247	62.28211564362281	63.04098354712688	56.07580602471687	42.37516238576019	56.445177414558984	49.826489659558604	39.842154871808575	48.11838711462888	48.32213587458647	43.43727551650837	47.25440720650911	45.49868563359971	49.53350394583902	49.81150716776443	48.378593568384346	48.82377451033444	51.40953118946145	54.86340556853251	52.35682810280253	51.69960231184773	53.22242186491024	57.688159834798036	
100.51140350877193	107.9110696517413	113.14393939393939	106.36904761904762	92.93640350877193	106.46474234792716	73.47222222222223	87.40705128205128	82.41550925925925	101.9607234198027	101.7741935483871	89.22222222222223	95.2514367816092	92.84931506849315	94.1441717791411	89.18055555555556	93.24166666666666	101.01443816698054	105.67959085933224	105.14649688106746	105.01736968449931	94.51960784313725	94.22868217054264	89.92138364779875	101.44037356321839	92.46904761904761	97.48076923076923	102.86786786786787	95.02083333333333	102.16655525846703	101.72368421052632	101.78282828282828	103.33888888888889	103.72905027932961	100.60964912280701	107.39835609509358	104.85666666666667	102.8213906581741	106.29791666666667	104.98383934634509	
81.32995951417004	89.77133562954458	116.09965034965035	104.49633699633699	66.94483805668017	80.9672756534438	87.40705128205128	57.30769230769231	72.07852564102564	77.66879795396419	74.68734491315136	63.25	71.69694960212202	68.0895679662803	69.19065596979708	67.62820512820512	68.50384615384615	80.7804577719832	91.46435518504484	90.44652373280456	91.07267331433998	68.95927601809954	71.96030858676208	69.43396226415095	77.94456233421751	73.3087912087912	81.23298816568047	84.60741510741511	81.83653846153847	84.19786096256685	84.65384615384616	89.28438228438229	88.51581196581196	89.46809196390203	89.2327935222672	95.3204622388234	92.5425641025641	89.24926506614405	94.36474358974358	88.83297526551782	
90.41038011695906	85.76361249309011	126.97916666666667	115.74140211640211	76.9718567251462	75.54565144862026	82.41550925925925	72.07852564102564	56.454475308641975	70.68851236146632	73.18055555555556	58.33256172839506	58.86590038314176	56.95091324200913	58.315610088616225	57.2337962962963	57.490972222222226	61.8943555137058	65.87720876664842	65.54887532531912	65.43964334705075	59.74101307189542	60.29570413436692	56.903825995807125	66.61611590038314	57.60515873015873	60.55715811965812	67.125	61.02777777777778	65.56159016636958	62.099415204678365	63.552609427609426	65.80401234567901	65.872982619491	63.06798245614035	68.5634420839656	68.01055555555556	64.19869072894551	68.28935185185185	67.24549115389951	
97.66163875161048	78.09431378002206	143.7004185073239	131.74254049445867	81.0331519335423	54.636488124552585	101.9607234198027	77.66879795396419	70.68851236146632	57.12187910858773	61.68324159958514	51.48416758007551	55.11924709913951	48.4032962797984	47.12078515054995	55.06540007307271	46.94831932773109	52.06747665904977	55.77594969022092	55.95467128533751	53.81988017429194	45.44303552623095	54.394747686739	49.80280709494627	46.813046627946534	47.774633331593506	49.28987380905539	49.72959971297567	51.0681402995981	50.10106453648653	52.3525950425937	53.076648841354725	52.6820606503471	52.62673726279436	52.151568178758914	56.86010047220049	55.54517111192303	52.151017316369916	56.446261113140906	55.558324464958034	
98.01901528013582	69.57611137859092	138.79472140762462	126.13287250384025	83.30135823429542	56.107710189848895	101.7741935483871	74.68734491315136	73.18055555555556	61.68324159958514	54.73985431841832	52.020609318996414	55.059510567296996	57.65841802916483	57.14941618840293	62.85215053763441	55.30403225806452	67.62635927343418	71.2511255892791	71.40136883892556	68.73865823709014	51.25237191650854	58.85826144036009	54.65855143031041	54.58239710789766	56.678341013824884	58.56203473945409	59.450232490555074	58.96370967741935	60.49508366396412	62.5	63.6544477028348	64.1568100358423	64.76680482969904	66.66213921901527	70.4503695726663	68.14967741935484	66.26453667557017	69.02123655913978	68.08511172775779	
84.87134502923976	69.45923161967939	128.73737373737373	118.45502645502646	68.53874269005848	50.12215334280425	89.22222222222223	63.25	58.33256172839506	51.48416758007551	52.020609318996414	29.28395061728395	43.53256704980843	41.39497716894977	40.486707566462165	49.53703703703704	39.46388888888889	49.947897049591965	52.805966064586755	53.02348494237204	51.40924782807499	36.85947712418301	45.68653100775194	37.74318658280922	41.30555555555556	38.80793650793651	42.16132478632478	43.792292292292295	43.02777777777778	44.98715092097445	44.728070175438596	48.30808080808081	47.02716049382716	47.969428926132835	47.75438596491228	53.98931040296746	51.013333333333335	48.75654635527247	52.825	52.06520485129935	
92.95426497277677	67.93034825870647	140.76332288401255	129.307881773399	76.6842105263158	57.038724632259616	95.2514367816092	71.69694960212202	58.86590038314176	55.11924709913951	55.059510567296996	43.53256704980843	30.751486325802617	41.04085970713273	42.10947746985403	42.28448275862069	37.98275862068966	46.23780764984739	46.85161514070551	47.31079781710334	45.28714523910884	39.59026369168357	42.81580793905373	38.34320104098894	45.25139714625446	37.172906403940885	37.39622015915119	43.461323392357876	39.08620689655172	43.5591923289692	40.922867513611614	42.07262277951933	43.23275862068966	43.13571566172221	43.701451905626136	46.94404269792266	44.51862068965517	43.52674061058643	46.21666666666667	48.212202550233066	
86.66301369863014	76.88564029169223	139.25342465753425	127.1167645140248	67.9242970439798	51.408543996433366	92.84931506849315	68.0895679662803	56.95091324200913	48.4032962797984	57.65841802916483	41.39497716894977	41.04085970713273	29.59729780446613	29.563156567778805	36.21461187214612	28.67945205479452	34.94118102314062	42.27262748273613	41.93034393425201	41.96695416878065	33.2925060435133	40.16028193692259	37.26932023778754	38.564501653282946	34.173776908023484	38.20100105374078	42.62939651980748	42.24828767123287	40.68958318071936	42.907714491708724	43.617268576172684	43.650380517503805	43.27324558046988	40.62509012256669	47.00483921258861	45.96036529680365	40.860919640520024	47.01187214611872	44.107297083921104	
88.06464320309978	76.79598937826206	141.0527049637479	128.82208588957056	69.0687762350662	48.88869701428324	94.1441717791411	69.19065596979708	58.315610088616225	47.12078515054995	57.14941618840293	40.486707566462165	42.10947746985403	29.563156567778805	28.405209078249086	37.36298568507157	28.804601226993864	33.86698323570529	40.68333585179365	40.43518517814525	40.000053018253425	32.62179718513172	40.27785704094735	36.92742215534205	35.865348000846204	33.214723926380366	36.800141576215196	40.26645664068977	40.81058282208589	38.32571930054788	41.32644494672263	41.68284067670571	41.440081799591	40.904736607601876	38.63383919922506	44.65865552007597	43.41357873210634	38.72328162244539	44.57862985685072	42.341619056181514	
84.61228070175439	80.14925373134328	135.62878787878788	126.21428571428571	66.1798245614035	64.70547591372853	89.18055555555556	67.62820512820512	57.2337962962963	55.06540007307271	62.85215053763441	49.53703703703704	42.28448275862069	36.21461187214612	37.36298568507157	11.555555555555555	35.25833333333333	34.126490897677336	43.87635467980296	43.344652373280454	45.47290809327846	43.068627450980394	42.7437015503876	43.009433962264154	52.15057471264368	42.166666666666664	45.89102564102564	53.71771771771772	55.8125	52.00267379679144	52.324561403508774	52.45454545454545	55.07222222222222	53.4171322160149	48.35964912280702	54.38265048052605	56.78888888888889	47.333333333333336	56.079166666666666	48.6045103064555	
86.2778947368421	74.43756218905473	137.90454545454546	126.22857142857143	67.74407894736842	49.335015497869044	93.24166666666666	68.50384615384615	57.490972222222226	46.94831932773109	55.30403225806452	39.46388888888889	37.98275862068966	28.67945205479452	28.804601226993864	35.25833333333333	23.04	35.132391713747644	42.50279556650246	42.15215640104102	42.21834362139918	29.626470588235293	38.85625	35.70283018867924	36.22206896551724	32.652857142857144	36.86057692307692	40.25	39.2125	39.19385026737968	42.5	43.484848484848484	42.06388888888889	42.46173184357542	40.77368421052632	46.74682852807284	45.696	40.97754777070064	46.22375	43.82991062627325	
95.06853008226781	83.6216984756069	151.67445642869373	140.50103129764148	75.64067301020914	60.62216209866247	101.01443816698054	80.7804577719832	61.8943555137058	52.06747665904977	67.62635927343418	49.947897049591965	46.23780764984739	34.94118102314062	33.86698323570529	34.126490897677336	35.132391713747644	17.570231344051127	21.434847964771986	20.942887837225026	28.091943727573568	42.37000110778775	43.910119125826654	42.4607895391394	44.00036690694201	36.62173796072101	36.847421410980736	43.16597105580156	44.37005649717514	40.873231316152555	40.63534542571117	40.94047822861382	41.51161330822348	39.92919967595661	33.347110714639705	39.09878232441438	40.80984306340238	32.57696090779325	41.67008788449466	32.21166892959814	
105.39369026013308	82.51033849635239	160.20042916853262	150.25738134334193	87.16587697692508	62.28211564362281	105.67959085933224	91.46435518504484	65.87720876664842	55.77594969022092	71.2511255892791	52.805966064586755	46.85161514070551	42.27262748273613	40.68333585179365	43.87635467980296	42.50279556650246	21.434847964771986	12.575031317322807	13.355754391363	18.842265900045273	44.78510576644451	47.31118040439913	42.59219568113517	44.19180638129211	34.687654234107434	31.49789693065555	39.550325078773355	37.7579946633826	36.54717176839388	33.00709964566589	32.519376026272575	33.3890494435322	32.01939529038354	24.25294270158154	27.206090558666038	30.109489874110565	23.691263740286363	30.53579365079365	25.66401837759666	
104.36419174097097	83.18733664679453	159.26833898534233	149.2806685197316	86.05339310290847	63.04098354712688	105.14649688106746	90.44652373280456	65.54887532531912	55.95467128533751	71.40136883892556	53.02348494237204	47.31079781710334	41.93034393425201	40.43518517814525	43.344652373280454	42.15215640104102	20.942887837225026	13.355754391363	13.823216049219551	20.368879856709135	45.439590881587485	47.45416783152288	43.24082383779524	45.18320883244089	35.608119257121615	32.98060001715969	40.855575615273224	39.3011525591771	37.81384903469607	34.544768477147755	34.116277410365896	34.859076575646164	33.4914722944769	25.753931550899804	29.188409414926756	31.855392241913496	25.232886655147126	32.39014644524311	26.59842372222762	
106.9372601256227	78.98531493765739	159.7902356902357	149.9336664707035	89.15335445094217	56.07580602471687	105.01736968449931	91.07267331433998	65.43964334705075	53.81988017429194	68.73865823709014	51.40924782807499	45.28714523910884	41.96695416878065	40.000053018253425	45.47290809327846	42.21834362139918	28.091943727573568	18.842265900045273	20.368879856709135	15.143212353299802	42.02148390220286	46.23836581251794	39.55666589020887	36.70759188307081	29.52298353909465	23.653822412155744	28.508375041708376	26.968672839506173	27.35211070398979	22.404472601256227	21.65641912956728	22.30995656149977	21.05337408327011	14.88409681611436	16.78480894484098	19.14620576131687	15.073009881785536	19.374000342935528	25.74167750439391	
90.18142414860681	69.58311384255195	137.27540106951872	125.04761904761905	73.5657894736842	42.37516238576019	94.51960784313725	68.95927601809954	59.74101307189542	45.44303552623095	51.25237191650854	36.85947712418301	39.59026369168357	33.2925060435133	32.62179718513172	43.068627450980394	29.626470588235293	42.37000110778775	44.78510576644451	45.439590881587485	42.02148390220286	24.131487889273355	40.677667578659374	33.67591564927858	30.574543610547668	31.067226890756302	33.62217194570136	33.80524642289348	34.05882352941177	34.615445108524696	36.89783281733746	38.06417112299465	37.36535947712418	37.736115675320406	39.04953560371517	44.23538337945193	41.578823529411764	38.93237167478456	42.92892156862745	43.887617950512	
91.50881272949816	74.59083217632767	139.58826638477802	127.8985326688815	74.59283200734394	56.445177414558984	94.22868217054264	71.96030858676208	60.29570413436692	54.394747686739	58.85826144036009	45.68653100775194	42.81580793905373	40.16028193692259	40.27785704094735	42.7437015503876	38.85625	43.910119125826654	47.31118040439913	47.45416783152288	46.23836581251794	40.677667578659374	45.39916846944294	41.50641728828433	45.313793103448276	39.35705980066445	41.13237924865832	46.30956683427614	44.88917151162791	45.60594142519587	45.36750305997552	46.140063424947144	47.01111111111111	46.752663375341044	44.83797429620563	50.068604651162794	49.023062015503875	44.86360354021627	49.96816860465116	48.947670406873584	
90.70784508440913	69.8052661222191	137.40480274442538	126.19317160826594	74.79716981132076	49.826489659558604	89.92138364779875	69.43396226415095	56.903825995807125	49.80280709494627	54.65855143031041	37.74318658280922	38.34320104098894	37.26932023778754	36.92742215534205	43.009433962264154	35.70283018867924	42.4607895391394	42.59219568113517	43.24082383779524	39.55666589020887	33.67591564927858	41.50641728828433	32.71342114631541	37.106571242680545	30.18059299191375	31.8211175616836	35.57929627740948	33.23349056603774	36.436686509938454	34.663356504468716	36.059462550028584	36.28972746331237	36.58648677137135	36.264150943396224	41.1076302001317	38.58540880503145	36.6726355005408	40.20503144654088	43.141314145921704	
100.35847549909256	71.57057814376394	147.62993730407524	135.48809523809524	83.54346642468239	39.842154871808575	101.44037356321839	77.94456233421751	66.61611590038314	46.813046627946534	54.58239710789766	41.30555555555556	45.25139714625446	38.564501653282946	35.865348000846204	52.15057471264368	36.22206896551724	44.00036690694201	44.19180638129211	45.18320883244089	36.70759188307081	30.574543610547668	45.313793103448276	37.106571242680545	26.360148632580263	31.86497536945813	30.75663129973475	25.565587138863002	29.69698275862069	28.184001014198785	30.63339382940109	30.56280041797283	28.678103448275863	28.813619726449623	31.16660617059891	34.45612317513474	32.08022988505747	31.524615638040853	32.83849137931035	41.36887951995613	
93.72992481203008	71.11293532338308	142.07012987012988	131.16326530612244	77.02857142857142	48.11838711462888	92.46904761904761	73.3087912087912	57.60515873015873	47.774633331593506	56.678341013824884	38.80793650793651	37.172906403940885	34.173776908023484	33.214723926380366	42.166666666666664	32.652857142857144	36.62173796072101	34.687654234107434	35.608119257121615	29.52298353909465	31.067226890756302	39.35705980066445	30.18059299191375	31.86497536945813	22.57469387755102	23.35	26.986486486486488	24.739285714285714	27.87563025210084	24.905263157894737	25.297835497835496	25.22888888888889	25.671348762968876	25.347368421052632	29.514615217862563	27.42895238095238	25.471974522292992	28.80452380952381	35.63479567025601	
100.84291497975708	70.80989284347493	149.83391608391608	139.5879120879121	84.24291497975709	48.32213587458647	97.48076923076923	81.23298816568047	60.55715811965812	49.28987380905539	58.56203473945409	42.16132478632478	37.39622015915119	38.20100105374078	36.800141576215196	45.89102564102564	36.86057692307692	36.847421410980736	31.49789693065555	32.98060001715969	23.653822412155744	33.62217194570136	41.13237924865832	31.8211175616836	30.75663129973475	23.35	17.707100591715978	22.943433818433817	21.01201923076923	23.81648498560263	17.90688259109312	18.240675990675992	19.191239316239315	19.360711216158144	17.90485829959514	21.307097000116727	19.816666666666666	19.0546913277805	21.19679487179487	32.31184378807104	
106.7348032242769	72.47755591412307	152.52334152334151	141.19026169026168	90.79895685158843	43.43727551650837	102.86786786786787	84.60741510741511	67.125	49.72959971297567	59.450232490555074	43.792292292292295	43.461323392357876	42.62939651980748	40.26645664068977	53.71771771771772	40.25	43.16597105580156	39.550325078773355	40.855575615273224	28.508375041708376	33.80524642289348	46.30956683427614	35.57929627740948	25.565587138863002	26.986486486486488	22.943433818433817	15.440142845548252	19.19876126126126	20.403936021583082	18.24774774774775	17.68796068796069	15.41951951951952	15.821820423775732	20.183262209578	20.62827653146318	18.11207207207207	21.019854249153614	18.340653153153152	36.45144122238819	
104.40789473684211	69.74751243781094	147.72727272727272	138.27380952380952	89.13322368421052	47.25440720650911	95.02083333333333	81.83653846153847	61.02777777777778	51.0681402995981	58.96370967741935	43.02777777777778	39.08620689655172	42.24828767123287	40.81058282208589	55.8125	39.2125	44.37005649717514	37.7579946633826	39.3011525591771	26.968672839506173	34.05882352941177	44.88917151162791	33.23349056603774	29.69698275862069	24.739285714285714	21.01201923076923	19.19876126126126	7.90625	22.049298128342247	15.217105263157896	16.132575757575758	14.5375	16.116969273743017	18.598684210526315	19.48080424886191	16.985	20.08996815286624	17.791666666666668	35.66505388709995	
105.25264565156206	73.93595525048553	152.93072435585805	142.1385918003565	88.69930340557275	45.49868563359971	102.16655525846703	84.19786096256685	65.56159016636958	50.10106453648653	60.49508366396412	44.98715092097445	43.5591923289692	40.68958318071936	38.32571930054788	52.00267379679144	39.19385026737968	40.873231316152555	36.54717176839388	37.81384903469607	27.35211070398979	34.615445108524696	45.60594142519587	36.436686509938454	28.184001014198785	27.87563025210084	23.81648498560263	20.403936021583082	22.049298128342247	22.760577225542622	20.4202786377709	19.588599902771026	18.23165478312537	18.35372165626027	20.219462426118774	21.507986497123337	19.422317290552584	21.08503355018904	19.850824420677363	35.2216390759139	
106.30193905817174	72.71471589421314	153.74162679425837	146.11779448621553	90.20775623268698	49.53350394583902	101.72368421052632	84.65384615384616	62.099415204678365	52.3525950425937	62.5	44.728070175438596	40.922867513611614	42.907714491708724	41.32644494672263	52.324561403508774	42.5	40.63534542571117	33.00709964566589	34.544768477147755	22.404472601256227	36.89783281733746	45.36750305997552	34.663356504468716	30.63339382940109	24.905263157894737	17.90688259109312	18.24774774774775	15.217105263157896	20.4202786377709	9.407202216066482	10.457735247208932	12.895906432748538	13.09129667744781	14.335180055401661	14.19634214519607	12.334736842105263	15.62018102581294	13.003508771929825	32.30094112194464	
108.8012759170654	73.6249811548319	156.32093663911846	146.22222222222223	92.87998405103669	49.81150716776443	101.78282828282828	89.28438228438229	63.552609427609426	53.076648841354725	63.6544477028348	48.30808080808081	42.07262277951933	43.617268576172684	41.68284067670571	52.45454545454545	43.484848484848484	40.94047822861382	32.519376026272575	34.116277410365896	21.65641912956728	38.06417112299465	46.140063424947144	36.059462550028584	30.56280041797283	25.297835497835496	18.240675990675992	17.68796068796069	16.132575757575758	19.588599902771026	10.457735247208932	8.462809917355372	11.18013468013468	11.373455222617233	12.523125996810208	12.250397756012324	10.126868686868686	14.389500096506467	10.829040404040404	31.82616332212179	
109.58187134502924	75.02990602542842	155.8540404040404	146.37460317460318	93.80891812865497	48.378593568384346	103.33888888888889	88.51581196581196	65.80401234567901	52.6820606503471	64.1568100358423	47.02716049382716	43.23275862068966	43.650380517503805	41.440081799591	55.07222222222222	42.06388888888889	41.51161330822348	33.3890494435322	34.859076575646164	22.30995656149977	37.36535947712418	47.01111111111111	36.28972746331237	28.678103448275863	25.22888888888889	19.191239316239315	15.41951951951952	14.5375	18.23165478312537	12.895906432748538	11.18013468013468	8.328888888888889	9.92008069522036	13.433918128654971	12.2853953802057	9.629037037037037	14.605803255484783	9.876481481481482	32.122753061269194	
109.71234930902676	75.61062008393785	157.27450482478415	147.55520085129024	93.47408850338135	48.82377451033444	103.72905027932961	89.46809196390203	65.872982619491	52.62673726279436	64.76680482969904	47.969428926132835	43.13571566172221	43.27324558046988	40.904736607601876	53.4171322160149	42.46173184357542	39.92919967595661	32.01939529038354	33.4914722944769	21.05337408327011	37.736115675320406	46.752663375341044	36.58648677137135	28.813619726449623	25.671348762968876	19.360711216158144	15.821820423775732	16.116969273743017	18.35372165626027	13.09129667744781	11.373455222617233	9.92008069522036	10.080927561561749	12.182152308144664	11.871970396995618	9.830540037243948	13.497936163398926	9.924208566108007	31.250251574705295	
106.8803324099723	76.65017020162347	156.66746411483254	147.26817042606515	89.8393351800554	51.40953118946145	100.60964912280701	89.2327935222672	63.06798245614035	52.151568178758914	66.66213921901527	47.75438596491228	43.701451905626136	40.62509012256669	38.63383919922506	48.35964912280702	40.77368421052632	33.347110714639705	24.25294270158154	25.753931550899804	14.88409681611436	39.04953560371517	44.83797429620563	36.264150943396224	31.16660617059891	25.347368421052632	17.90485829959514	20.183262209578	18.598684210526315	20.219462426118774	14.335180055401661	12.523125996810208	13.433918128654971	12.182152308144664	6.238227146814404	10.520214040412109	10.829473684210527	9.552296345960443	11.44078947368421	26.575858717570032	
113.53902084498043	78.94307597067773	163.1391502276176	153.50175590721872	96.78241753853526	54.86340556853251	107.39835609509358	95.3204622388234	68.5634420839656	56.86010047220049	70.4503695726663	53.98931040296746	46.94404269792266	47.00483921258861	44.65865552007597	54.38265048052605	46.74682852807284	39.09878232441438	27.206090558666038	29.188409414926756	16.78480894484098	44.23538337945193	50.068604651162794	41.1076302001317	34.45612317513474	29.514615217862563	21.307097000116727	20.62827653146318	19.48080424886191	21.507986497123337	14.19634214519607	12.250397756012324	12.2853953802057	11.871970396995618	10.520214040412109	7.464855243494419	8.582603945371776	11.620110570928738	7.998722812341932	28.941644831977015	
112.65122807017543	77.30696517412936	159.98666666666668	149.5663492063492	96.53701754385965	52.35682810280253	104.85666666666667	92.5425641025641	68.01055555555556	55.54517111192303	68.14967741935484	51.013333333333335	44.51862068965517	45.96036529680365	43.41357873210634	56.78888888888889	45.696	40.80984306340238	30.109489874110565	31.855392241913496	19.14620576131687	41.578823529411764	49.023062015503875	38.58540880503145	32.08022988505747	27.42895238095238	19.816666666666666	18.11207207207207	16.985	19.422317290552584	12.334736842105263	10.126868686868686	9.629037037037037	9.830540037243948	10.829473684210527	8.582603945371776	5.7713777777777775	12.243312101910828	7.3197777777777775	30.348896628770454	
107.19654710023467	76.64693253477834	157.80631152287202	147.96178343949043	89.97506704659739	51.69960231184773	102.8213906581741	89.24926506614405	64.19869072894551	52.151017316369916	66.26453667557017	48.75654635527247	43.52674061058643	40.860919640520024	38.72328162244539	47.333333333333336	40.97754777070064	32.57696090779325	23.691263740286363	25.232886655147126	15.073009881785536	38.93237167478456	44.86360354021627	36.6726355005408	31.524615638040853	25.471974522292992	19.0546913277805	21.019854249153614	20.08996815286624	21.08503355018904	15.62018102581294	14.389500096506467	14.605803255484783	13.497936163398926	9.552296345960443	11.620110570928738	12.243312101910828	10.440281553004178	12.51186305732484	26.558744012835124	
113.74157894736842	78.02383913764511	161.25833333333333	152.10515873015873	97.73322368421053	53.22242186491024	106.29791666666667	94.36474358974358	68.28935185185185	56.446261113140906	69.02123655913978	52.825	46.21666666666667	47.01187214611872	44.57862985685072	56.079166666666666	46.22375	41.67008788449466	30.53579365079365	32.39014644524311	19.374000342935528	42.92892156862745	49.96816860465116	40.20503144654088	32.83849137931035	28.80452380952381	21.19679487179487	18.340653153153152	17.791666666666668	19.850824420677363	13.003508771929825	10.829040404040404	9.876481481481482	9.924208566108007	11.44078947368421	7.998722812341932	7.3197777777777775	12.51186305732484	6.0761111111111115	30.72987503011982	
105.33696454450183	80.01731550566808	156.86503133457197	146.50492713350044	87.83842689789466	57.688159834798036	104.98383934634509	88.83297526551782	67.24549115389951	55.558324464958034	68.08511172775779	52.06520485129935	48.212202550233066	44.107297083921104	42.341619056181514	48.6045103064555	43.82991062627325	32.21166892959814	25.66401837759666	26.59842372222762	25.74167750439391	43.887617950512	48.947670406873584	43.141314145921704	41.36887951995613	35.63479567025601	32.31184378807104	36.45144122238819	35.66505388709995	35.2216390759139	32.30094112194464	31.82616332212179	32.122753061269194	31.250251574705295	26.575858717570032	28.941644831977015	30.348896628770454	26.558744012835124	30.72987503011982	32.792369530953984	
