54.61125926116097	55.48976681046652	58.3042836730993	54.121369897691025	48.13166333024322	55.3165543668325	55.72119866186591	
55.48976681046652	13.174102253545334	14.133685602585125	17.845025639727627	34.119007937556326	22.916508812214335	26.950949093806237	
58.3042836730993	14.133685602585125	11.46962790060966	23.278555107415336	39.662446530549246	28.791163631331536	29.83927341290171	
54.121369897691025	17.845025639727627	23.278555107415336	8.787639268583087	24.15937655771559	9.714389113852812	23.6630138220579	
48.13166333024322	34.119007937556326	39.662446530549246	24.15937655771559	22.801848479593016	21.859492160872527	32.94408421786744	
55.3165543668325	22.916508812214335	28.791163631331536	9.714389113852812	21.859492160872527	6.664818230101078	24.63611931031762	
55.72119866186591	26.950949093806237	29.83927341290171	23.6630138220579	32.94408421786744	24.63611931031762	32.98606205630371	
